Date,Close,High,Low,Open,Volume
,FMC,FMC,FMC,FMC,FMC
2018-01-02,70.11700439453125,70.27813981037346,69.64823686365837,69.86064644637139,1361693
2018-01-03,71.01790618896484,71.09847711360126,69.83134549475925,70.26349043568597,1090046
2018-01-04,71.37676239013672,72.28499363671223,71.12773041051533,71.48663000847787,1176752
2018-01-05,71.83824157714844,72.13122204675223,71.2669322386595,71.75767065938815,1291937
2018-01-08,71.90415954589844,72.25573352559208,71.34750181856619,72.14586585155081,891846
2018-01-09,71.87484741210938,72.28501481964057,71.65511211103423,72.05063436435056,932892
2018-01-10,71.42806243896484,72.19712960330207,70.99591760531236,71.6258203578761,855180
2018-01-11,71.69176483154297,71.83092929217008,71.06186185785208,71.62584550209827,1089585
2018-01-12,71.69176483154297,72.29237104138038,71.23032308233267,72.29237104138038,783348
2018-01-16,69.5676498413086,72.18247687033366,69.2307210728249,71.99204475358182,1208459
2018-01-17,68.74729919433594,70.18289144627308,68.4909413640669,70.18289144627308,1537641
2018-01-18,66.04459381103516,66.63787408241853,63.79598555396041,65.88345842542452,6012434
2018-01-19,65.81753540039062,66.77703474610028,65.38539053898212,66.62322516921097,2459349
2018-01-22,65.81021118164062,66.23503025361757,65.531882333531,65.71499511336515,2220909
2018-01-23,65.0997543334961,66.02996363027636,64.93129310962725,65.84685080298527,1699407
2018-01-24,65.7223129272461,65.90542570278166,64.76281358101174,65.42933892948474,2096500
2018-01-25,67.3630142211914,68.24194934279166,66.06658572221819,66.10320828741392,1572807
2018-01-26,67.40695190429688,68.04418063275541,67.0480585196739,67.53879699656538,1112414
2018-01-29,66.92352294921875,67.30439364478678,66.14712995925125,67.07733896456725,1103536
2018-01-30,67.04801940917969,67.49480926135992,66.10316556944124,66.31556857859812,1771008
2018-01-31,66.89424133300781,67.83176990680954,66.51337055124763,67.41427656277838,1185861
2018-02-01,65.3487777709961,67.11397359299002,65.15101980976551,66.63056094791759,1147581
2018-02-02,62.785213470458984,64.9898734220752,62.675345796424835,64.82141223246127,2051187
2018-02-05,60.858882904052734,63.96445523212535,60.624502396628884,62.30180139311333,2255729
2018-02-06,62.250518798828125,62.54349275231025,59.093679509473546,59.56244041228278,1962867
2018-02-07,61.503448486328125,62.961012396700724,61.34963242490003,62.16264821241072,1043926
2018-02-08,59.232852935791016,62.27249924111119,59.18890458098826,61.57667713629897,1520922
2018-02-09,60.5585823059082,61.01269815747677,58.317299805731736,59.92135366505489,1643947
2018-02-12,62.41899108886719,62.79253600668936,60.778314750051884,61.393565960946724,2780344
2018-02-13,59.957984924316406,63.62753482726542,59.892065599226555,63.01228349769553,3364915
2018-02-14,62.44829559326172,62.961004999287326,59.72360027593163,60.09714524010053,2486329
2018-02-15,62.433650970458984,64.08897929936563,61.957564071869015,63.664160125560564,1424993
2018-02-16,61.049320220947266,62.32377104923717,60.91748159096831,62.28715493477278,1495902
2018-02-20,61.19580841064453,61.91360149455905,60.83690864713938,60.96874727272225,1143430
2018-02-21,60.14841079711914,61.38623899524032,60.141084997417586,61.195806861573494,1669775
2018-02-22,61.1884880065918,61.5913297187515,60.2070111418654,60.66845281519288,1249160
2018-02-23,62.785213470458984,62.807190871123446,61.51808198359965,61.569356142054005,1430412
2018-02-26,61.269046783447266,62.77055854199035,59.29144184486683,62.7559069438281,2466844
2018-02-27,60.49265670776367,61.98684273833342,60.463359953140014,61.35693996309089,1530953
2018-02-28,57.48232650756836,61.37161212427411,57.48232650756836,60.9174961677191,3109756
2018-03-01,57.59949493408203,57.797259305499615,56.08333793075469,57.48230791422984,3929193
2018-03-02,58.33927536010742,58.727471926741,56.654650452138114,57.431043585405284,2453584
2018-03-05,59.130313873291016,59.56245231286949,57.76795991148649,57.94374689593587,1759478
2018-03-06,60.368133544921875,60.617165607770175,59.26946988052081,59.577095448829304,1995612
2018-03-07,60.6391487121582,60.82958084437533,59.40863988001046,59.71626547727351,1379565
2018-03-08,60.243629455566406,61.27637396504517,59.5404815158805,60.74169365335991,1267378
2018-03-09,61.19580841064453,61.44484050513203,60.47800888363423,60.80761189068716,1325604
2018-03-12,61.4375114440918,61.9062724086366,60.48533147291048,61.26172447161364,1489791
2018-03-13,61.36427307128906,62.06009523808432,61.195811879816965,61.80373732917697,1059722
2018-03-14,60.5659065246582,61.891631486890844,60.34617118325402,61.58400587478252,1067678
2018-03-15,59.37933349609375,60.91747428608837,59.35003674217775,60.65379061465393,1201772
2018-03-16,60.27293014526367,60.75634277456578,59.0131244116418,59.269482327282255,1694103
2018-03-19,59.562442779541016,60.20699710038919,59.35735907102428,59.9359940886417,957451
2018-03-20,58.58830261230469,59.93600500384312,58.41251562397776,59.78951477305468,1314651
2018-03-21,58.85198211669922,59.562449376371,57.92909888306527,58.50040816513348,1667007
2018-03-22,56.66196823120117,58.88859899121914,56.63999727510465,58.361238057041895,2559660
2018-03-23,55.30693435668945,57.10142629683222,55.25566021298516,56.779149167660975,1275679
2018-03-26,55.65118408203125,56.61800905502794,55.05790394985703,56.15656752042701,1519078
2018-03-27,55.138484954833984,56.38364553653121,54.83085932044867,55.97347802401746,1840649
2018-03-28,53.666717529296875,55.47982947479741,53.3877772299891,55.07610281306261,1625269
2018-03-29,56.2065544128418,56.610281122093866,55.05408361190163,55.21557946140332,3472951
2018-04-02,55.04672622680664,57.36633132103114,54.76044411433551,56.46344654881334,1769624
2018-04-03,55.96429443359375,56.081745339472214,54.77512741910267,55.6486511777165,2319836
2018-04-04,55.92025375366211,56.015678978662685,54.09979707172448,54.90725990994747,2000570
2018-04-05,58.386653900146484,58.73166461044398,56.36800869668265,56.36800869668265,2867972
2018-04-06,57.35165786743164,58.54082483241041,56.88920261277347,57.814113122089815,2476298
2018-04-09,57.24888229370117,58.041658000828136,57.10941219442661,57.62324770300446,1112414
2018-04-10,58.17380142211914,58.783062233150915,57.60123715692156,58.07102784768715,1254579
2018-04-11,57.57188034057617,58.18848308967089,57.43241020990598,57.681982900789954,895766
2018-04-12,58.724342346191406,59.40700919053457,58.364654193123926,58.6729555569321,1264495
2018-04-13,58.96657943725586,59.29690647726512,58.665619966602335,59.098707670359886,1214455
2018-04-16,59.17946243286133,59.41435781419663,58.555517742197274,59.28222956577364,853681
2018-04-17,60.067665100097656,60.27319934889064,59.3115857664134,59.59786791910698,1277870
2018-04-18,60.73564910888672,61.30820690490786,60.11169806947123,60.5301084215535,1891842
2018-04-19,60.28053665161133,60.98522268356725,59.6198826000451,60.73565001278538,845264
2018-04-20,60.42000198364258,60.889792634389124,60.00892709267883,60.29520920089073,1739992
2018-04-23,60.486061096191406,60.838407283773044,60.19977901162535,60.390629429837475,1984428
2018-04-24,59.2234992980957,61.13937801199319,58.28390498575799,60.85309587442538,1179288
2018-04-25,59.13541030883789,59.72265191908205,58.50412380208191,59.179455205349726,1285134
2018-04-26,59.64191436767578,60.001602541037904,58.819770893883714,59.43638011354016,1056379
2018-04-27,59.62723159790039,59.994261670287614,59.14275706814902,59.60521237645703,1343130
2018-04-30,58.52614212036133,59.986913917054835,58.51146479324953,59.553819765398366,1347972
2018-05-01,58.58485412597656,58.61421522909237,57.52047378023325,58.16644387776999,1127288
2018-05-02,58.98125457763672,59.429026000446726,58.53347669757846,58.53347669757846,1558856
2018-05-03,61.462364196777344,62.09365070568353,59.62722689410845,61.65321465356339,4437321
2018-05-04,64.17835998535156,64.60410574808037,62.32853910445053,62.534073322939875,3212373
2018-05-07,64.46466064453125,64.64817571695697,63.63518155731833,64.33987426963235,2131897
2018-05-08,64.14898681640625,64.8316599784929,63.71589920000521,64.17835437983837,1630803
2018-05-09,63.407615661621094,64.56742177101769,63.12133992404092,64.31784904449913,1595060
2018-05-10,64.17835998535156,64.39857152959102,62.90844521691904,63.4810029806398,1813208
2018-05-11,65.2574234008789,65.9400902232966,64.30315177066966,64.32517098978832,1735265
2018-05-14,65.91072082519531,67.09988765307111,65.71252850629874,66.98977865682362,2366187
2018-05-15,66.06488800048828,66.71085186826315,64.83901792727687,65.47764635962491,1765358
2018-05-16,67.36418914794922,67.5330204560684,65.76394652539115,65.76394652539115,1802600
2018-05-17,67.82662200927734,68.1422652913475,67.19533544513703,67.53299794884009,1803753
2018-05-18,67.17330169677734,68.23034043867052,66.84298112571634,67.35681671250511,963793
2018-05-21,67.04118347167969,67.99545523860358,66.73288207360426,67.63576704555729,910524
2018-05-22,66.86500549316406,67.70916817326152,66.83564437983667,67.07788163634947,1419689
2018-05-23,66.43192291259766,66.7622500240144,65.74925592248721,66.42458747592221,1096503
2018-05-24,64.83901977539062,65.71988549041784,64.57475683225762,65.71988549041784,2060872
2018-05-25,65.8226318359375,65.89603782711637,64.78761252611346,65.37485399829683,1451627
2018-05-29,64.10496520996094,65.61711746191634,63.987514297151435,65.30880962294759,1567158
2018-05-30,64.86837005615234,65.19869706558896,64.19303871120887,64.38389560811086,909025
2018-05-31,63.92881774902344,65.0152181428478,63.8113667890349,64.97117322569558,1159918
2018-06-01,64.79496002197266,65.04453912212193,64.01686161396285,64.22973771534757,1103306
2018-06-04,64.24443817138672,65.11796201999445,64.0168782285373,65.02987221719795,1137896
2018-06-05,64.79496002197266,65.09591944604337,64.30314371287666,64.31782749528176,964023
2018-06-06,66.71084594726562,66.72552973131496,64.72156127176811,65.07390751646314,1596905
2018-06-07,65.17666625976562,67.06318357630217,65.00783505113266,66.72552115903623,1328833
2018-06-08,65.06657409667969,65.50701018852159,64.29581739320612,65.16200579092863,1446439
2018-06-11,65.2500991821289,65.91808885847941,64.86839171810729,65.12531281124234,1132477
2018-06-12,65.9694595336914,66.24839978372187,65.1179549989672,65.33816656771549,1482643
2018-06-13,66.00615692138672,66.48328947986492,65.76391323905315,66.05753724873121,1449782
2018-06-14,66.28510284423828,66.61542342626528,66.06488481805415,66.06488481805415,1162224
2018-06-15,65.9694595336914,66.23371599908903,65.25742512398243,66.0648847620573,2172944
2018-06-18,65.0518798828125,65.79327527917334,64.96379010440918,65.25007219834782,1490944
2018-06-19,63.27545166015625,64.22972295143646,62.717571372968656,64.12695586996752,1192663
2018-06-20,63.69388961791992,63.85538542860239,62.827707709053186,63.5984643844027,1062720
2018-06-21,63.5617561340332,64.00218571621767,63.3782411176026,63.642504032712466,1395015
2018-06-22,65.28679656982422,65.62445909733408,63.840708301814225,64.00953956556916,2380945
2018-06-25,64.89041137695312,65.52903993837872,63.78199199078402,65.03722343115452,2993649
2018-06-26,64.85368347167969,65.28677757389626,64.26644193751616,64.75091636463227,1240628
2018-06-27,65.0518798828125,65.99880948578361,64.94911277950736,65.48496751200985,1939000
2018-06-28,64.94524383544922,65.11438998309097,64.07009075043888,65.08497410558286,1055456
2018-06-29,65.60713195800781,66.26901192755768,64.8422931696077,65.12910933258132,1607282
2018-07-02,64.70991516113281,65.44533803073207,64.4378101873187,65.11439482823012,972325
2018-07-03,65.57036590576172,66.18076975095732,65.2394291282962,65.40121972291325,712785
2018-07-05,65.38651275634766,66.05574834567986,64.43046099025958,65.73951628630958,1415999
2018-07-06,66.02629852294922,66.48961627191863,65.0849583244685,65.20262827526307,824164
2018-07-09,66.3278579711914,66.82794741838863,66.09987354376808,66.37198503283706,1344629
2018-07-10,66.9308853149414,66.98236147968156,66.14397991711573,66.32783722538711,1011642
2018-07-11,65.14379119873047,66.18809666563493,64.9599403883606,66.0998425836804,1119794
2018-07-12,65.44534301757812,65.71744801212627,64.65843744657762,65.6218447785029,914790
2018-07-13,64.96731567382812,66.0116149881096,64.93054420674531,65.3056079955548,824510
2018-07-16,63.77592468261719,65.32031984680069,63.50381970496187,64.8937734119388,1187475
2018-07-17,64.53340911865234,64.98201581008513,63.24641433053878,63.283185795036125,1952144
2018-07-18,63.98186492919922,64.8275959557159,63.842128142136104,64.53343061106096,1498208
2018-07-19,63.69504165649414,63.937730788431175,62.95226308389502,63.650914595425135,1086126
2018-07-20,63.72447967529297,63.95245770962954,63.12878678648163,63.26116154637366,919633
2018-07-23,63.15817642211914,63.61413877051704,62.8640046608452,63.61413877051704,811251
2018-07-24,63.53324890136719,64.30544341066053,63.312620050341835,63.73181745500818,918480
2018-07-25,64.40839385986328,64.4451653302457,63.15082121751464,63.15082121751464,921132
2018-07-26,65.07027435302734,65.19529345927356,64.14363855989492,64.39368324168136,690532
2018-07-27,65.21737670898438,65.91603482804598,64.72464275922394,65.33504673868558,942578
2018-07-30,65.5630111694336,66.07044967450203,65.21000765751891,65.37179823827385,1703096
2018-07-31,66.09986877441406,66.40875171435151,65.29090289265733,65.8645352447759,1240167
2018-08-01,64.91581726074219,66.3278309027997,64.7834425991224,66.09984656841681,1641757
2018-08-02,63.643550872802734,64.636374038841,61.99620333995756,62.51099742231725,2183782
2018-08-03,64.56282043457031,65.09968119058112,63.614124480723135,63.92300087910041,1019367
2018-08-06,64.783447265625,65.10703482678736,63.9156433785133,64.21717065091411,896342
2018-08-07,63.98186492919922,65.37181251766545,63.90096638650365,65.17325042482618,900493
2018-08-08,65.54095458984375,65.69539607628762,64.34956916934759,64.34956916934759,1508124
2018-08-09,66.36463928222656,67.28391977809378,65.55567322217895,65.56302881175947,1738724
2018-08-10,64.54077911376953,65.63656123726527,64.23925174371833,65.629205648865,1263457
2018-08-13,63.12141418457031,64.45988554327035,62.444822916253656,64.30544405215285,1280291
2018-08-14,62.97430419921875,63.7464984209058,62.69484367972412,63.28318059403497,822666
2018-08-15,61.62113952636719,62.68015004063268,60.6430210661914,62.3197909484255,1182978
2018-08-16,62.15799331665039,62.65808268856258,62.04032979570218,62.17270449141596,800874
2018-08-17,62.09915542602539,62.510990647277794,61.2681293968639,61.94471398340901,861637
2018-08-20,62.59190368652344,62.98903429591111,62.135941308817216,62.18741748877222,827508
2018-08-21,62.94488525390625,63.349371310406035,62.37860865638218,62.584526242883165,858870
2018-08-22,62.82723617553711,63.327325605743695,62.64338528530089,63.06257618345482,1029975
2018-08-23,62.20210647583008,62.68013544809731,61.01072154197075,62.63600840295258,1431565
2018-08-24,62.90813446044922,63.34939212159027,62.180067082720264,62.599257979227374,691224
2018-08-27,63.51117706298828,64.09215850196028,63.040503560188824,63.18758943414455,774240
2018-08-28,63.518531799316406,64.06274176250638,63.15081711935494,63.65826208384293,717281
2018-08-29,63.680320739746094,64.14363863686829,63.04050109463897,63.54059045881194,943269
2018-08-30,62.55512237548828,63.79799018813116,62.238890349246034,63.34938346934423,1524497
2018-08-31,62.84193801879883,63.68031969059114,62.51099482079424,62.613953632981335,1060645
2018-09-04,61.05485153198242,62.430093829199855,60.74596867036353,62.08443950640219,1391325
2018-09-05,61.393157958984375,62.03297764948597,60.67244621066706,61.14311325915751,1273373
2018-09-06,60.99604797363281,61.68735054276909,60.56950136929035,61.39317868617521,1172370
2018-09-07,60.42975616455078,61.121058563615264,59.99586054597626,60.606264410520474,1182171
2018-09-10,60.37826156616211,61.29754164214689,60.23117571891765,60.66507767443018,918480
2018-09-11,60.66508865356445,60.88571746436042,59.576662243982966,59.69432576763876,852298
2018-09-12,61.246063232421875,61.59171111571202,60.46651336369023,60.6503706854276,881469
2018-09-13,62.327152252197266,62.33450137102915,61.6064340016824,61.62849429676755,1087740
2018-09-14,62.81986618041992,63.1508028483048,62.385964249978976,62.422735709665375,1064104
2018-09-17,63.41555404663086,63.76120186100623,62.91546481892971,63.01842360471616,1088317
2018-09-18,63.29054260253906,63.85681928514438,63.21699967212588,63.63619049390483,921247
2018-09-19,64.84966278076172,65.67333350967972,63.22437515197756,63.61415021808901,1343130
2018-09-20,65.857177734375,66.15134948980648,64.91583717400644,65.38651068883793,1782423
2018-09-21,66.08515930175781,66.96766806087308,65.63655256941834,66.68085190549886,1898299
2018-09-24,66.0042724609375,66.46759045013893,65.47476711174947,66.08517099838568,1269568
2018-09-25,65.90866088867188,66.45287087727277,65.59242883685678,66.07045147383295,1064219
2018-09-26,65.4306411743164,65.82041622150606,64.96732964643954,65.63656531584495,919518
2018-09-27,64.6164779663086,65.86165505855271,64.56489966911583,65.42694684404962,1009452
2018-09-28,64.23333740234375,64.8890777611318,63.76915872980256,64.43226834144156,916635
2018-10-01,64.63856506347656,65.12485146846588,64.34385329707598,64.66803559198536,941425
2018-10-02,66.03849029541016,66.10480062500218,64.54280380830001,64.54280380830001,1289976
2018-10-03,67.75521087646484,68.34464108527037,66.34794244516922,66.36267447363338,1911443
2018-10-04,67.24681854248047,68.09412724670247,66.61317932791346,67.7552063575394,1595291
2018-10-05,66.79737854003906,67.45311903902572,66.30372923186384,67.15840719379452,1170756
2018-10-08,66.79737854003906,67.46048829345224,66.46582042267529,66.49529744038134,816555
2018-10-09,64.09335327148438,66.3995018539968,63.73232466253959,66.20057089705834,2158647
2018-10-10,62.12613296508789,64.05652114373969,61.9566660393085,64.00494284430371,1921129
2018-10-11,61.27143859863281,62.14084835130987,60.542012235361824,62.14084835130987,2351889
2018-10-12,62.523983001708984,63.06921050308071,61.69141296564622,62.37662386721321,1587220
2018-10-15,61.9124641418457,62.89239350984567,61.89772563290129,62.428214735184,1062605
2018-10-16,62.40611267089844,63.12816349252204,61.95666592950004,62.612412905648036,1203617
2018-10-17,61.610374450683594,62.62714357493618,61.02094429542245,62.32506248374266,1313498
2018-10-18,60.91778564453125,62.096645789872554,60.763057252847815,61.35249380683174,947305
2018-10-19,59.9378776550293,61.625126128913664,59.67262981562195,61.006218824506895,1213187
2018-10-22,58.81057357788086,60.45361256967191,58.71478624016753,60.43887406192713,1547441
2018-10-23,58.1253662109375,58.56007448916472,56.637048885329214,57.631716854118956,1201426
2018-10-24,55.41397476196289,58.04431253382394,55.325556670123056,57.67592110132984,1289169
2018-10-25,56.025516510009766,56.47495681031777,55.3034591424493,56.01077799993102,1103998
2018-10-26,55.84130859375,56.4454772278258,54.691918875153945,55.156091129856485,1403201
2018-10-29,56.180240631103516,57.10122903244163,55.58344113219633,56.53390007351631,1557588
2018-10-30,56.946502685546875,57.09385537409255,55.68658696829286,56.23181460051311,1308194
2018-10-31,57.528564453125,58.368503955784995,57.42541432900788,57.70539416322788,1281790
2018-11-01,60.07048797607422,60.306258751647846,57.76433259543525,58.37587053859916,1604630
2018-11-02,59.2821159362793,60.630443124308535,58.73689484293644,60.42414290081048,1617659
2018-11-05,59.304237365722656,60.313637435223804,59.11266912471684,59.46632858402337,3084736
2018-11-06,61.61772918701172,62.31767854671409,59.68734150846739,59.99679178097065,2725116
2018-11-07,61.84613800048828,62.62712970461521,61.33775031029988,61.853500771763464,2357309
2018-11-08,61.6472053527832,62.03033522253277,60.62306712196075,61.507215468041764,3784031
2018-11-09,61.573524475097656,61.85350423862961,60.85883656026583,61.308283217567634,1431680
2018-11-12,60.58622360229492,61.89034152220031,60.446233726183976,61.58089124047813,1425339
2018-11-13,59.85683059692383,60.822028139447546,59.66526234709591,60.49046995058545,1335866
2018-11-14,59.66525650024414,60.5936141530317,59.554737114787045,60.372575382117496,1292628
2018-11-15,60.910430908203125,60.97674124006749,58.84742192151968,59.24528391270586,1265302
2018-11-16,61.300926208496094,61.418814836118734,60.512558568816324,60.829378179319924,1288478
2018-11-19,60.34309768676758,61.912463700321666,60.19573852363198,61.02094594840275,1625269
2018-11-20,57.911678314208984,59.84206607904293,57.845368001516505,59.348416878942956,1667007
2018-11-21,58.545318603515625,59.20106545381728,57.68327803936913,58.10324768265054,1382101
2018-11-23,58.70741271972656,59.318950564355546,57.66117318529889,57.66117318529889,562433
2018-11-26,59.974708557128906,60.21784859308859,58.84741998980922,59.260020477339026,1143891
2018-11-27,59.318946838378906,59.84943582560818,58.9063464531938,59.42209693467518,845495
2018-11-28,61.286197662353516,61.286197662353516,58.692699283566476,59.40001820165666,1444940
2018-11-29,61.19040298461914,61.978770574686735,60.78517178988565,60.917792436793775,1263342
2018-11-30,60.96199417114258,61.38196382354648,60.51254750623604,60.785164502692865,1395822
2018-12-03,63.113426208496094,64.10073131906695,62.3250650447842,62.5534665657912,2346240
2018-12-04,61.31565475463867,63.50391465471553,61.19776614617102,62.929223081554944,1344744
2018-12-06,60.80728530883789,60.82202381982244,58.61901826918137,60.01155478592429,1751061
2018-12-07,59.002140045166016,62.13349635632695,58.508490734331026,60.92516546987124,1262189
2018-12-10,58.49374771118164,59.171589368366426,57.41803120075677,58.47900920501972,777122
2018-12-11,58.0664176940918,59.86418517398466,57.46224903132173,59.39263716171398,730080
2018-12-12,58.70741271972656,59.56945980861392,58.44954070344476,59.046340041400086,916520
2018-12-13,57.64645767211914,59.18634688281071,57.528569028902204,58.71479879125822,969442
2018-12-14,56.89491653442383,57.572764733477484,56.6296752503193,57.027537176476095,769858
2018-12-17,56.19496536254883,57.322253748660124,55.892877818848454,56.70334663553837,1642103
2018-12-18,56.231807708740234,57.0643778425707,55.87077908309307,56.39389888693189,1390979
2018-12-19,55.15609359741211,57.70538889196559,54.9129535783953,56.40127070924956,1117142
2018-12-20,53.12992858886719,55.664485564767844,52.628910004953184,55.251885075104376,1483680
2018-12-21,52.21630859375,54.48562110965949,52.14262900570705,52.835212596390306,2482870
2018-12-24,51.641605377197266,52.53311982415927,51.206900414220016,51.92895442832401,567161
2018-12-26,54.109840393066406,54.17615070152934,51.10373634864257,51.78895367161373,760173
2018-12-27,54.65806198120117,54.65806198120117,52.665241529135464,53.30235078356161,1023633
2018-12-28,54.250614166259766,55.258135659294076,53.917243539224046,54.97662254053482,916059
2018-12-31,54.791412353515625,55.198869306219635,54.109855164754954,54.40618423558984,709441
2019-01-02,55.61372375488281,55.858195295169914,53.65053856333516,53.88760049277547,1028476
2019-01-03,54.080223083496094,55.695225247093724,53.92465055675104,55.5322398499257,1160725
2019-01-04,56.93980026245117,57.15463334911838,55.19145150948333,55.376659187790736,1216300
2019-01-07,57.6065559387207,58.48072727761267,56.487906492624134,56.95462735312737,1198082
2019-01-08,58.5992546081543,58.5992546081543,57.939916488021744,57.939916488021744,1043696
2019-01-09,58.843727111816406,59.532690655325844,58.362187075711944,59.095608288878516,832697
2019-01-10,59.762332916259766,59.791964837659215,58.01398438562211,58.48070506888272,691915
2019-01-11,59.510475158691406,59.78457868519238,58.599262263301405,59.16228854122105,661130
2019-01-14,59.18449020385742,59.67343322014556,58.59183219977504,58.77703986255306,634727
2019-01-15,58.6955680847168,59.40676054954155,58.50295074348942,59.02153238389641,767667
2019-01-16,58.65111541748047,59.117836275115074,58.31033841885682,58.53258117078947,845841
2019-01-17,58.8363037109375,59.12522636152457,58.102889186467664,58.102889186467664,1198659
2019-01-18,59.747528076171875,60.162394626028195,59.14746034379617,59.288216891923696,1322952
2019-01-22,58.940025329589844,59.44378762232309,58.52516533171917,59.2733991601125,1527264
2019-01-23,57.85102081298828,59.14746170449161,57.51023733502337,58.96966361240822,941540
2019-01-24,57.63618087768555,58.26588054977339,57.436153952136124,57.6954447357994,641414
2019-01-25,58.799278259277344,59.09561060078072,58.4140501254084,58.4140501254084,891038
2019-01-28,58.61406326293945,58.65851441200363,57.91769016710296,58.07326593042348,701946
2019-01-29,59.34007263183594,59.488238778757314,58.70296341352041,58.71037302422808,867287
2019-01-30,59.71047592163086,60.25127970080687,58.82889524971786,59.62898976185913,921593
2019-01-31,59.117828369140625,59.643813021374775,57.52505518978008,58.8881760356,1494865
2019-02-01,63.58501052856445,63.88134288289095,61.34030858488368,63.18496315358556,2969321
2019-02-04,63.11827850341797,63.92577620583543,62.70341849425087,63.32570850800152,1487370
2019-02-05,62.962703704833984,63.444237136086414,62.69600335331613,63.01455794300203,1318571
2019-02-06,63.273860931396484,63.955421387410354,62.37746083725659,62.55525893374678,960795
2019-02-07,62.399688720703125,62.97753421503428,61.67368356342375,62.69602108021848,726736
2019-02-08,62.63673400878906,62.63673400878906,61.36251576185261,61.85886837006174,726390
2019-02-11,62.79231262207031,62.93306915839082,61.88109994134364,62.62192415970465,1224486
2019-02-12,60.94027328491211,62.03669397238864,59.71049911574025,59.72531834153193,3104914
2019-02-13,62.444122314453125,62.65155230104665,61.39956277121979,61.68848543712064,1443325
2019-02-14,62.20709228515625,62.68862596390849,61.62924665720479,61.90335024305419,1258730
2019-02-15,63.22941207885742,63.33312709584993,62.35524078797509,62.97753088993015,1248468
2019-02-19,64.07394409179688,64.15543678037861,62.19965787207551,62.733052119794536,994808
2019-02-20,64.7851333618164,65.355569121326,63.94800374944937,64.01467721266373,1415423
2019-02-21,65.34074401855469,65.41482708585986,64.7110444632683,64.91107135171521,1139971
2019-02-22,65.57040405273438,65.90377786182138,65.37778677078926,65.67411904553326,959873
2019-02-25,66.20011901855469,66.64461753406542,65.72599508884751,65.89638357973631,696758
2019-02-26,65.62226104736328,66.5779313701966,65.6074483430884,66.13343293940828,855065
2019-02-27,66.3927230834961,66.55570192987655,65.49632313638412,65.49632313638412,640146
2019-02-28,66.3038330078125,66.5483045808306,66.0593614347944,66.0593614347944,971518
2019-03-01,67.00021362304688,67.22245636360601,65.91119617202796,66.30383391998821,1322030
2019-03-04,67.44535064697266,67.61618878053541,65.94200765566266,67.2915995851704,1843500
2019-03-05,67.55640411376953,68.29099194359807,67.2147408116435,67.33432427074956,1156700
2019-03-06,67.01828002929688,68.0432895087631,66.95848829842208,67.71870024103433,934400
2019-03-07,66.47161865234375,66.89016081719444,65.08785862652982,66.710785603687,1035200
2019-03-08,66.2238998413086,66.2580674753232,65.19035335040384,65.66868719298856,1255000
2019-03-11,67.0011978149414,67.0011978149414,66.48868982946738,66.55702509643855,927900
2019-03-12,67.02681732177734,67.46244647288047,66.9072338711701,67.25744068600294,645500
2019-03-13,67.03534698486328,67.63326411415217,66.9413876478596,67.32576201428705,1347600
2019-03-14,65.90784454345703,67.18055764499397,65.81388520205414,66.92430371083914,914600
2019-03-15,65.97618865966797,66.69369593249598,65.65160591529921,66.01889983092086,1660700
2019-03-18,65.70282745361328,66.2494963364717,65.30136606721257,66.21532871669216,1099300
2019-03-19,65.14763641357422,66.47160441803628,64.84014076827371,66.15555871897644,1126200
2019-03-20,64.64366912841797,64.95971478156551,63.99449726751335,64.94262771014762,1059800
2019-03-21,66.29220581054688,66.71929127175808,64.59240749963226,64.59240749963226,744600
2019-03-22,64.04573822021484,65.81387175762654,64.028651152464,65.62595311320871,1049300
2019-03-25,63.610137939453125,64.12263941758783,63.17450875047418,63.56742676760446,684100
2019-03-26,64.13115692138672,64.37032374630624,63.44781755006764,63.79803076999065,649300
2019-03-27,64.33617401123047,64.7376355147244,63.88346432152336,64.05429595343996,1083700
2019-03-28,65.34087371826172,65.53838483698273,64.47355965986372,64.5079097044935,949000
2019-03-29,65.96775817871094,66.17385191866734,65.29794861015125,65.90764723157358,1000400
2019-04-01,67.78826904296875,67.96001272824768,66.47441085094026,66.6805045835953,1331900
2019-04-02,67.8054428100586,68.76722451042605,67.61652081966483,67.89131465525526,1006800
2019-04-03,67.96861267089844,69.21377096589652,67.87415166351484,68.51820041298336,1312400
2019-04-04,68.98190307617188,68.98190307617188,67.52205559290879,67.99436053929419,822500
2019-04-05,69.0591812133789,69.25669232837289,68.73286562295513,69.11929215244646,980800
2019-04-08,69.31681823730469,69.56585119625247,68.61265856261184,69.20517893235427,850200
2019-04-09,68.73287200927734,69.17082692123421,68.32067799480002,68.98190493758217,548000
2019-04-10,69.0591812133789,69.10212040625616,68.2949107516909,68.83591575489996,437400
2019-04-11,68.60405731201172,69.14505578503832,68.26056341019746,68.94755121382597,502900
2019-04-12,68.67276763916016,69.29105544426847,68.363623736606,69.13648349299139,670700
2019-04-15,68.4924087524414,68.9303569882507,68.08880400243699,68.75861335282741,592200
2019-04-16,69.35118103027344,69.37694193565572,68.05449419600156,68.45809918460036,1047400
2019-04-17,69.34255981445312,70.24423039552896,69.29962062426834,69.72898631971387,783200
2019-04-18,68.65557098388672,69.24809773064432,68.14033346790643,68.49241647731326,1087800
2019-04-22,68.24341583251953,68.71571438213302,68.0544937920327,68.49244883574274,552200
2019-04-23,68.81874084472656,69.24810658823077,67.83978747366507,67.90848756501006,993700
2019-04-24,68.4752426147461,68.87025828762884,68.3206706947832,68.56111444770306,944700
2019-04-25,67.83120727539062,68.69852802616963,67.79685722518528,68.26916222600607,719900
2019-04-26,68.26056671142578,68.63841067685493,67.50488533216904,67.9256619426505,629300
2019-04-29,68.10600280761719,68.52678601932419,67.84838725211738,68.1918812110528,999300
2019-04-30,67.89130401611328,68.72427454235128,67.53922754049975,68.29490883205135,1313000
2019-05-01,66.10514831542969,68.08881582075679,65.40957140255325,67.83978292004805,1643600
2019-05-02,65.83895874023438,66.33702470522793,65.1863273567287,65.69297592168202,1074100
2019-05-03,66.59464263916016,66.8436690543478,66.08798755455857,66.24255951492485,894800
2019-05-06,65.47827911376953,65.77883383872552,64.79129126964015,64.79129126964015,1150900
2019-05-07,67.41901397705078,69.04201603793753,66.5516933008748,66.92953726903099,2670700
2019-05-08,67.8054428100586,68.09741494564946,66.46582368050544,67.23868339047911,1818900
2019-05-09,68.44950866699219,68.52679793320107,66.62899495424669,67.16141101074106,1443900
2019-05-10,68.21764373779297,68.86169246930052,67.25586194016479,68.34644824281249,2301700
2019-05-13,64.39627838134766,67.39325626763197,64.1901846396955,66.98965138284514,1818300
2019-05-14,64.51651000976562,65.48688101999137,64.22454437767841,64.62814932335431,3015200
2019-05-15,64.98880004882812,65.31511565958263,63.83809643435449,63.984085768272266,1281500
2019-05-16,65.06607818603516,65.76165510602651,64.92009541393362,65.6328440799836,1334000
2019-05-17,64.6023941040039,64.86859885686741,64.01845623685558,64.37912200878745,1024000
2019-05-20,62.66165542602539,64.34476883169853,62.550016108028686,63.966924773746314,984500
2019-05-21,63.82952880859375,63.87246146261531,62.756114184010656,62.79046423818967,857900
2019-05-22,62.88493347167969,63.958348236615066,62.83340510787222,63.66637601371867,713700
2019-05-23,61.27908706665039,62.18934045969872,60.90983221919835,61.8630248125838,1488900
2019-05-24,60.901248931884766,62.04336363414363,60.84113797658708,61.98325267884594,866200
2019-05-28,61.33921432495117,61.562486433183686,60.643643645446794,61.14170312312935,1129600
2019-05-29,62.361080169677734,62.51565209252391,60.677967316242224,60.76383915080098,1850700
2019-05-30,62.97080612182617,63.06526714643776,62.31816810221992,62.31816810221992,885900
2019-05-31,63.073814392089844,63.400136494778195,62.08627859096511,62.44694418189415,1326900
2019-06-03,64.19019317626953,64.79130273252993,63.18547868154737,63.26276138809394,1722100
2019-06-04,67.1012954711914,67.1012954711914,65.11762731240378,65.14338821551483,1670200
2019-06-05,67.50489044189453,68.02012808273378,66.09657116618634,67.6938124389094,1771500
2019-06-06,68.26915740966797,68.329268355386,67.01541014783356,67.28161482864174,1493300
2019-06-07,69.31681823730469,69.45421189130205,67.96002068921773,68.6985304153105,1204900
2019-06-10,68.63841247558594,69.62595506009058,68.54395148175321,69.3425720785924,909800
2019-06-11,68.43230438232422,69.78051235954649,68.02869959364487,69.2738574487787,1707000
2019-06-12,68.62123107910156,69.01624674704279,68.10598698460355,68.43230911799907,1359200
2019-06-13,69.11071014404297,69.32539300705658,68.3722005711481,69.05918180183099,785000
2019-06-14,68.62123107910156,68.973307555301,68.15751532501383,68.8960248720868,941800
2019-06-17,68.34644317626953,68.96473096093932,68.0115383848404,68.78439811567763,993200
2019-06-18,69.28247833251953,69.40270025422497,68.5096184418393,68.74147968484505,1077600
2019-06-19,70.4503402709961,70.613501369241,69.26529303804396,69.56584778354609,1105100
2019-06-20,70.4675064086914,71.32623792837461,69.99520800382658,71.30906618068563,853800
2019-06-21,70.93122100830078,71.4292868536246,69.91791757025642,70.36446162178862,1710300
2019-06-24,70.25282287597656,71.13731528477526,70.13260098846615,70.96557160307509,686500
2019-06-25,70.9398193359375,71.0171020366237,70.26142057297088,70.51904267846281,740500
2019-06-26,71.60104370117188,71.8844267223418,70.8968839995877,71.03428421043469,808100
2019-06-27,71.69596099853516,72.34311436378786,71.4025879662158,72.04974133146851,780700
2019-06-28,71.5751724243164,71.98072299272035,71.41985532542097,71.85992153615564,1772900
2019-07-01,73.36991882324219,73.5252358639161,72.17052868038718,72.60196417301655,1084700
2019-07-02,72.04973602294922,73.12832488556822,71.84264880461788,73.01615401380208,696000
2019-07-03,73.162841796875,73.2750126706001,72.04973728123079,72.34311029705833,322500
2019-07-05,73.07655334472656,73.13695405656354,72.37762329840281,72.55020146306836,421900
2019-07-08,72.2568130493164,73.2404854266213,72.15327274634728,72.96436698006525,895400
2019-07-09,71.04017639160156,71.74773040187488,70.7985735466083,71.59241334678153,847300
2019-07-10,70.35850524902344,71.40257841532593,70.25495835448714,71.23000684094903,706100
2019-07-11,71.35942840576172,71.38532006539586,69.97883613518607,70.40164107797854,768800
2019-07-12,71.84264373779297,72.11013165023857,71.6010409029152,71.6786961356187,902000
2019-07-15,72.47254943847656,72.5588352408797,71.40259100567123,72.04974439847187,607400
2019-07-16,72.88671875,73.78410543325252,72.20504982955288,72.67100098719459,451400
2019-07-17,72.00659942626953,72.92987135232154,72.00659942626953,72.8522161037978,550400
2019-07-18,72.30859375,72.94711645833607,71.68732556537749,71.69594953564257,767500
2019-07-19,71.93756103515625,72.81768660009456,71.9289304814576,72.53293757669138,1141900
2019-07-22,72.80905151367188,72.99888418412263,71.99795726245023,72.33447642072815,802800
2019-07-23,73.2491226196289,73.64604251108508,72.70551623021397,72.990258672374,1079400
2019-07-24,74.02571105957031,74.13788193050354,73.26638687587115,73.58564496359797,692300
2019-07-25,73.55111694335938,73.9998135178941,73.12831202684931,73.70643397559327,507100
2019-07-26,73.83587646484375,73.91353828362969,72.8608345353528,73.39581038021342,700900
2019-07-29,72.54158020019531,73.8013713392811,72.4294093161837,73.79274078414646,548700
2019-07-30,73.17145538330078,73.41305818341147,71.76497159479807,71.99795042574951,1144600
2019-07-31,74.5693130493164,75.92402030702551,72.71413901278902,72.91260224686644,2128600
2019-08-01,73.39579772949219,75.5443510420608,73.15419492723932,73.71506233714497,1799900
2019-08-02,74.13788604736328,74.46578129061035,72.23957219111045,74.10337041211704,1034900
2019-08-05,70.42753601074219,72.86945602839323,69.35757119103397,72.394880910643,1263400
2019-08-06,72.53294372558594,73.08518071181024,70.43616665554602,70.86760221248275,1357500
2019-08-07,73.25774383544922,73.36128413460631,71.2127373457203,71.57514155913572,1124100
2019-08-08,76.61432647705078,76.81278314532776,73.55113141006733,74.08611386702772,1462300
2019-08-09,76.20877075195312,77.65839437698418,76.16562456624801,77.65839437698418,1742300
2019-08-12,73.83587646484375,75.9326534074916,73.63741322410968,75.55298803383535,984000
2019-08-13,74.60383605957031,76.08797543558659,73.38719120665365,73.87902748050237,1173400
2019-08-14,72.33448028564453,73.39580796978807,71.94618437083453,72.99025753091661,890400
2019-08-15,72.08425903320312,73.15421745112275,71.72185471824102,72.7659280541183,665900
2019-08-16,73.8531265258789,74.06884427820337,72.45527970405367,72.6278512726399,745900
2019-08-19,74.38811492919922,74.71600356926682,74.04296518096898,74.69874904428805,508400
2019-08-20,73.68054962158203,74.29318720383627,73.39580062917032,74.22415594812746,691500
2019-08-21,74.36223602294922,74.86270287026763,73.71508265999127,74.20691895251193,549200
2019-08-22,74.25869750976562,75.00939786560882,73.8100073573255,74.57796224153036,493400
2019-08-23,71.46298217773438,74.24142809291554,71.16097861808073,73.7495918434271,943500
2019-08-26,72.07561492919922,72.53293551447157,71.73909575953905,72.44664972948907,497900
2019-08-27,71.82537841796875,72.532932357119,71.8081238949967,72.3258451655388,654400
2019-08-28,72.52430725097656,72.86945037047514,71.30765603024012,71.56651995304708,469800
2019-08-29,73.79273986816406,74.1810358461869,73.31816467260452,73.4562206371217,410000
2019-08-30,74.49166107177734,74.82818026250717,74.0947411694597,74.51754615057443,700900
2019-09-03,73.4303207397461,73.68055411957945,72.53293411029715,73.66329959619036,955200
2019-09-04,74.81954956054688,74.99212772415923,74.12062610167234,74.38811402629172,644500
2019-09-05,75.48397827148438,76.46765094930335,75.44083207661062,75.69106552387125,787800
2019-09-06,75.4149398803711,75.99306197131875,75.21647661912854,75.99306197131875,854900
2019-09-09,75.08702087402344,76.27778689837783,74.99211113401283,75.65651881318117,1270200
2019-09-10,74.72462463378906,75.52709489866253,74.32770477784499,75.52709489866253,1122700
2019-09-11,76.683349609375,76.76100484093507,74.93171591593571,75.19921040762615,983300
2019-09-12,77.6238784790039,77.99491329197181,76.25191667630769,76.79552306513727,919900
2019-09-13,78.56440734863281,79.49630302737494,77.6842752401977,77.6842752401977,780100
2019-09-16,78.59891510009766,79.06486622338092,78.02079311837299,78.55577550062783,661400
2019-09-17,78.21926879882812,78.97859301889093,78.00355101757553,78.27966951425148,665800
2019-09-18,78.41773223876953,79.04763111099103,77.64115342578565,78.1588748288365,931500
2019-09-19,77.99491119384766,78.67658009157607,77.78782399174771,78.49537796684068,697800
2019-09-20,77.57209014892578,78.51261620843326,76.9853377120061,78.16746655438953,1143400
2019-09-23,76.53666687011719,77.7792034083583,76.28644003472881,77.11479553249478,1095400
2019-09-24,75.88089752197266,76.95085599611363,75.35454554883883,76.4676502174406,988400
2019-09-25,75.64791870117188,76.11386995256407,74.88859439326517,75.82912086840467,838600
2019-09-26,75.44081115722656,75.92401680653363,75.05252184377386,75.58749764602575,1071800
2019-09-27,74.66064453125,76.23828710172927,74.53928791917001,75.58815955982672,866900
2019-09-30,76.0042495727539,76.29030729902726,74.20122747274219,74.68666056947754,1231800
2019-10-01,72.97899627685547,76.68905692445598,72.61491977484285,76.25563850088695,1141800
2019-10-02,72.25952911376953,72.3722155371055,70.85525086552184,71.92146323032046,1359300
2019-10-03,72.12084197998047,72.13818242500449,70.91593897505047,72.1121783709105,840100
2019-10-04,71.24533081054688,72.38088509513953,70.95060280949347,71.93013279248507,1131200
2019-10-07,70.26580047607422,71.30600877563218,70.25713686832265,71.21065618283667,940500
2019-10-08,68.51478576660156,69.94506789907494,68.48878171911956,69.6590101498922,875000
2019-10-09,68.89618682861328,69.55497798764914,68.39341993347581,69.55497798764914,988800
2019-10-10,69.2776107788086,69.59834284652729,68.5234668287478,69.17359457242306,917600
2019-10-11,72.59759521484375,73.47310239397434,70.38715832710488,70.38715832710488,1164800
2019-10-14,71.47069549560547,72.31152829659099,71.37534291321904,72.12082313181816,561800
2019-10-15,71.98213958740234,72.55424852321919,71.24532951829475,71.89545721693808,578600
2019-10-16,72.61493682861328,74.05388950725488,72.3635599037343,72.77096776227994,1255500
2019-10-17,73.16104125976562,73.71581638898095,72.63227018138207,72.84897942290185,872400
2019-10-18,71.95613861083984,73.1783752975015,71.78276724906574,73.10036314478408,541200
2019-10-21,72.41556549072266,72.75363139966352,72.09483341227856,72.54559236649413,523000
2019-10-22,71.21932220458984,72.70161249595185,71.08929534813198,72.32020214725965,673900
2019-10-23,71.5400390625,71.65273207755254,70.67320227441506,70.97659382755681,563500
2019-10-24,72.28550720214844,72.71892552407687,71.70472823798964,72.16415060108358,497400
2019-10-25,72.79698181152344,72.85766014335528,71.35802906602248,71.96481238434086,561200
2019-10-28,72.8403091430664,73.76782443148963,72.36355278016993,73.34307617021501,783600
2019-10-29,73.60313415527344,73.63780181606235,72.28553818828074,72.49357722022215,916500
2019-10-30,78.85614776611328,79.16820955510788,75.98691996482201,76.79307187071117,1573500
2019-10-31,79.31556701660156,80.61582221359504,78.52674235597436,79.09885781710265,1185300
2019-11-01,82.358154296875,82.45350686014612,79.63628766799147,79.8876710972118,1732300
2019-11-04,83.20767211914062,83.48505966240266,82.20214475485602,82.35817566128097,1016700
2019-11-05,83.97916412353516,84.2392178625462,83.05164882077636,83.35504705410301,1157200
2019-11-06,84.53394317626953,85.09738856126323,83.78846942435487,84.08319083633955,1386000
2019-11-07,83.93582153320312,85.07137579539248,83.0256401111741,85.03670152457376,1060300
2019-11-08,84.68994140625,84.70728184346095,83.21632168839365,83.91845728633898,787600
2019-11-11,85.82551574707031,85.83417935362849,83.75377626796671,83.94447481384827,817100
2019-11-12,85.25337982177734,85.86016942076192,84.7072751347859,85.53943749215128,1071300
2019-11-13,83.51106262207031,84.85466244395278,83.0516401295445,84.7939841263256,823600
2019-11-14,84.11782836914062,84.1958404923178,82.6355385078259,83.04295278692103,648800
2019-11-15,84.08318328857422,84.84599741592045,83.8924781033774,84.672632673073,609400
2019-11-18,84.04849243164062,84.77663875748172,83.66708213651245,83.84045345858877,547100
2019-11-19,84.47325897216797,84.7506465343888,83.38971277389265,84.43859131365137,640400
2019-11-20,84.15253448486328,84.74198388795051,83.87514691949525,83.98783334455558,699300
2019-11-21,84.87200927734375,84.88934310649674,83.42438653902728,84.28255988452537,762300
2019-11-22,84.28256225585938,85.12338856897932,83.69311284645653,84.99336831307093,788200
2019-11-25,85.40074920654297,85.7561554297935,84.21318715413041,84.7852959400391,851600
2019-11-26,85.40074920654297,85.66947308204239,84.698613592288,85.58279073429128,746100
2019-11-27,85.62614440917969,86.11157093695351,85.40943519307488,85.60014036139758,977100
2019-11-29,84.91534423828125,85.77351094084176,84.7593133275029,85.64349069306054,401400
2019-12-02,84.82865905761719,85.44411245933708,84.26521375328637,84.97601974251336,649400
2019-12-03,84.29989624023438,84.40391905859333,83.1383378623786,83.73645088097899,780800
2019-12-04,84.00516510009766,85.4961189763638,83.96182061078085,84.48192141537979,645700
2019-12-05,84.94133758544922,85.01068611782206,84.00515885217605,84.42123681953301,653700
2019-12-06,85.31407928466797,85.81684623366661,85.04536198346946,85.68681938638211,826800
2019-12-09,85.98155975341797,86.2589473147083,85.17540112006775,85.50479678239967,710400
2019-12-10,84.80266571044922,86.33696429801124,84.53394174199958,85.7561850924072,598900
2019-12-11,85.16671752929688,85.4354348270834,84.73329911947857,85.05403112358255,765700
2019-12-12,86.25027465820312,86.51032838295097,84.95868948242163,85.14072444436876,651200
2019-12-13,85.97288513183594,87.09977576196209,85.79085017406618,86.51032639770916,602800
2019-12-16,86.26760864257812,87.53319638429763,86.23294098509407,86.68369328023728,587400
2019-12-17,87.48117065429688,87.74989456676387,86.39762462474968,86.80503899000985,849900
2019-12-18,86.91773223876953,87.87125811058868,86.52765828280035,87.32514663610304,1348600
2019-12-19,85.270751953125,88.3740231642666,84.99336439756371,86.90907323650902,1834200
2019-12-20,85.85153198242188,86.41497732038397,85.3487649661824,85.88620625389781,2375800
2019-12-23,86.90907287597656,86.96108097572824,84.74198054044362,85.81685648710449,719300
2019-12-24,87.48117065429688,87.82790670644,86.70101619033487,86.8743875231265,248800
2019-12-26,87.97527313232422,87.98394335289082,87.1517807413926,87.50718042333638,307200
2019-12-27,87.66321563720703,88.22666095981343,87.42917257792422,88.07930027013755,451600
2019-12-30,86.38339233398438,87.7067390861405,86.30503264922369,87.67191329761798,452000
2019-12-31,86.90577697753906,87.01025435645144,86.11351177506118,86.20927440280484,411400
2020-01-02,86.95799255371094,88.28134581603538,86.58362366740934,87.38460343874858,1023100
2020-01-03,86.39210510253906,86.55751930402016,85.5998333161736,85.75654605180961,835100
2020-01-06,85.6346664428711,86.11351279898717,85.17323630461792,85.84361456083951,804900
2020-01-07,87.1930923461914,88.1507784877131,85.57372936554832,86.12222070711785,1462900
2020-01-08,87.45427703857422,87.68934950410714,86.06127839180292,87.3498062915298,1433500
2020-01-09,86.64459228515625,88.31619724088131,86.40952647078778,87.8025250652743,925500
2020-01-10,85.32123565673828,86.87965494183507,84.85980554708345,86.87965494183507,734200
2020-01-13,86.07868957519531,86.10480726042842,85.16453073799033,85.37347886219621,1020600
2020-01-14,85.56502532958984,86.31376337316108,85.46055457898846,86.00033783667351,731200
2020-01-15,85.76524353027344,86.39209439512574,85.31251495350699,86.07866896269958,629500
2020-01-16,86.70553588867188,86.73166021683086,85.78267556395885,86.06998339263635,485900
2020-01-17,87.06248474121094,87.06248474121094,86.00032136459369,86.84482852935791,943200
2020-01-21,85.45182037353516,86.60975288292785,85.42570269386069,86.43562394786521,872200
2020-01-22,84.9729995727539,85.59114253222893,84.85982071279652,85.5737329546746,650100
2020-01-23,84.30259704589844,84.69437553068803,82.5874652071257,84.14588432351464,905700
2020-01-24,83.3013687133789,84.71178307039492,82.89217405559616,84.51153647361262,591000
2020-01-27,81.6820297241211,82.28276304443649,80.70692742253307,81.3773123306064,889400
2020-01-28,82.78772735595703,82.97926591709893,81.65591885101004,82.05640555051512,694900
2020-01-29,83.90213012695312,84.06754435323235,82.90091009042149,82.99667936779747,854400
2020-01-30,83.62351989746094,84.12847726468564,82.64841766957716,82.97925272290927,703700
2020-01-31,83.22303009033203,83.61481527644153,82.49170837067285,82.84866776408325,919500
2020-02-03,84.9817123413086,85.4083167593635,83.21434453845336,83.64094895650827,930400
2020-02-04,86.17446899414062,86.40953483125264,84.79017173275064,85.93068840447016,1044800
2020-02-05,88.64701843261719,88.80373116507268,86.53139986563802,86.92317837560667,1366100
2020-02-06,93.95783996582031,94.6978698208768,88.89080318667429,90.09226982984792,2297600
2020-02-07,91.53749084472656,93.63569979885192,90.30991333202931,93.20908886481394,1393500
2020-02-10,91.29373931884766,91.86834837293338,90.75394941999234,91.29373931884766,620000
2020-02-11,91.63326263427734,92.91308218705072,91.30242759273101,91.60714495235793,1018300
2020-02-12,92.66931915283203,93.14815887623054,91.65939105139627,92.36459511517539,681300
2020-02-13,91.78998565673828,92.36459465039324,90.55369986348398,92.0859949414579,813400
2020-02-14,91.82481384277344,93.05239155894469,91.22408050628087,91.73775267690206,588700
2020-02-18,92.10340118408203,92.14692843999887,91.05864740697352,91.5897290824771,644300
2020-02-19,92.67800903320312,93.39192111683703,92.11210821651079,92.28623052282532,599700
2020-02-20,94.27996826171875,94.54115173812424,92.58224577455019,92.68672315051677,848100
2020-02-21,92.79119873046875,93.88818126635239,92.37329587703177,93.56605432078646,631700
2020-02-24,89.15199279785156,89.95296612704747,88.29007599018077,89.70919221314793,1062700
2020-02-25,85.09488677978516,89.86591476631187,84.73793397902227,89.62214082582177,913500
2020-02-26,84.35484313964844,86.80129689928481,84.32001734776065,85.80878507867514,813900
2020-02-27,80.4109115600586,84.19812832356452,80.39349534337333,81.838735780588,976900
2020-02-28,81.05516052246094,81.32505870384674,77.22441040619404,77.74679055476551,1861500
2020-03-02,84.37224578857422,84.41577303967871,79.30520348237029,81.4904734149385,1207000
2020-03-03,82.35240173339844,85.9045527310978,80.64597781701514,83.70187291373742,896300
2020-03-04,86.49658203125,86.5488240417668,82.53524274250535,83.66705112114347,928800
2020-03-05,82.56135559082031,84.58991307248823,81.56013569126547,84.10235864281971,798500
2020-03-06,78.81765747070312,80.48055392975348,76.87616799998307,79.97558998113026,1127700
2020-03-09,68.98831176757812,74.37748175473503,68.79677323637816,73.5678003725155,1560000
2020-03-10,75.72694396972656,75.73564543477553,71.19098315947132,72.13996759464843,1456700
2020-03-11,72.48823547363281,74.57773669007928,71.41736385841384,73.56780855589933,1023300
2020-03-12,67.42119598388672,69.24079887980794,64.75707920977932,67.46472324451668,1594800
2020-03-13,76.65851593017578,76.81522865911963,68.09156448514614,72.7232881332928,1719100
2020-03-16,61.82306671142578,69.81540235717033,53.848140638433065,66.2284259173648,1827700
2020-03-17,59.75968933105469,63.13771136676833,58.958716061092765,63.0158244188324,1613200
2020-03-18,52.08078384399414,56.75604218089099,49.42537843108771,56.14660073515894,2340500
2020-03-19,58.775882720947266,62.902642456138324,49.69526569653362,51.401689525252536,1568500
2020-03-20,56.86921691894531,62.18002736062869,55.45880554270162,59.60297851186556,1742000
2020-03-23,55.8766975402832,58.32315099811865,54.57946518244089,56.43389685706892,1204300
2020-03-24,59.829349517822266,63.32055753752567,57.678904760577794,59.550749790710114,1463300
2020-03-25,64.13024139404297,67.21224808269818,59.16767485402761,60.212428850929534,1738500
2020-03-26,69.83281707763672,71.2780574891496,64.42623766025557,65.5232268100017,1609400
2020-03-27,66.70728302001953,68.46594241623747,65.52323261059603,66.89011345410599,1033400
2020-03-30,72.3639907836914,72.88938144647214,66.01550413005428,66.46208919973505,1614100
2020-03-31,71.53213500976562,74.42178748900768,70.52513217034705,72.24141219163948,2046500
2020-04-01,67.39904022216797,69.89465096328794,65.83161990529139,68.32723064641138,1645000
2020-04-02,64.95599365234375,70.60395751192901,64.27298481507756,67.88067389001338,1591000
2020-04-03,62.06632614135742,67.23268383223682,61.73358017102201,65.04354978361901,1562300
2020-04-06,68.32723236083984,69.32547668233522,64.74581323350566,65.84913168523943,992300
2020-04-07,69.56192016601562,73.82634867985601,69.43057079734378,71.80359111671129,1603300
2020-04-08,72.56538391113281,73.5198427032079,69.15909345899989,70.31495542886628,1045400
2020-04-09,78.80880737304688,79.69321919305303,73.12581857863245,74.95593100977906,1543500
2020-04-13,75.85784149169922,78.51107655064732,73.64243975490045,77.7404973860534,883000
2020-04-14,75.89288330078125,78.19585616184786,75.70899687701454,77.24139042244276,940900
2020-04-15,73.58992004394531,74.77205091838304,70.74404620366275,72.54789025383134,991400
2020-04-16,72.96819305419922,74.06275970862784,71.43579973799913,73.09078398503884,654300
2020-04-17,75.39376068115234,76.81232167468507,74.30795227414895,75.31495507742001,863400
2020-04-20,74.04524993896484,75.52510633423823,73.24840881276747,74.09779368625088,763700
2020-04-21,73.19586181640625,74.21162292991399,71.64595829472533,72.24140285212866,791600
2020-04-22,73.65121459960938,75.44630690253686,72.82809819212183,74.78956679376425,571400
2020-04-23,76.5058364868164,77.88061199512177,74.86836229816532,74.87712070236483,836800
2020-04-24,77.23262786865234,79.46554673004312,76.63718328432849,77.27641321130915,901100
2020-04-27,79.14154815673828,79.7545095162705,77.16257637612168,77.62667158733447,677100
2020-04-28,79.58814239501953,81.33944931392097,79.36922903015684,81.1205359490583,745400
2020-04-29,83.20457458496094,83.8175359104446,81.30440850544115,82.06622929027053,669300
2020-04-30,80.47254943847656,82.47779654216717,80.40249556254813,82.14504397185975,1130100
2020-05-01,78.7387466430664,79.78953465833673,77.39899810324867,78.89636451132172,808700
2020-05-04,78.49357604980469,78.67746247572703,76.8385915357978,77.29392839798089,693000
2020-05-05,78.37095642089844,81.05045290483818,78.02069382701075,79.46552285135792,1179100
2020-05-06,80.54258728027344,81.43575063808461,76.43577148123723,78.7737640090907,1228800
2020-05-07,82.40775299072266,84.83331029246003,81.81230833214109,82.52158554283892,829000
2020-05-08,81.85607147216797,84.39546063706864,81.76850079969194,83.54608256810849,982300
2020-05-11,80.12230682373047,81.01547058323803,79.17659930375282,80.32371009733399,730400
2020-05-12,78.05574035644531,81.11176872714528,78.02071342018998,80.13104123481565,927800
2020-05-13,77.73175048828125,78.52859830039654,75.84910099596651,77.84558970755792,770900
2020-05-14,77.59164428710938,77.99444402854881,74.93841569153126,76.51458772141974,959100
2020-05-15,77.07501220703125,77.60040961121763,76.57589001761862,77.18009302400964,784200
2020-05-18,79.53560638427734,81.49706828896579,79.50057944374825,80.59514628263557,740900
2020-05-19,78.09078216552734,80.04349247926109,78.02948668558267,79.43928940501631,732900
2020-05-20,81.49706268310547,81.99618486007722,78.99269339354048,79.4392785036853,506200
2020-05-21,80.44627380371094,81.64591458973577,80.03471566984369,81.20808792489056,442500
2020-05-22,81.6984634399414,81.77726903780197,79.83331745544645,80.06098920599663,500400
2020-05-26,83.02945709228516,84.98216716016208,82.78427520337621,84.25537321753528,629800
2020-05-27,84.25538635253906,84.91212652051578,82.71423422108923,84.44803120405861,690400
2020-05-28,85.50756072998047,86.24310642125329,83.63366288140757,85.18356654842137,752200
2020-05-29,86.17304992675781,86.41823179740001,84.36044106728535,85.22734269939086,681800
2020-06-01,86.5846176147461,87.39897565521882,85.61264167351393,86.00668976576561,687000
2020-06-02,88.3621826171875,88.4760151474559,85.98915616337466,87.09248125324827,573000
2020-06-03,89.23783874511719,91.32189137471492,88.75622671608795,89.32540274656657,763500
2020-06-04,87.39019775390625,88.8262685614726,86.46200075825665,88.7211877655394,968200
2020-06-05,90.37619018554688,91.92610050602111,89.12400550681065,89.71945010958115,846000
2020-06-08,91.58458709716797,92.60910666590446,89.8070117408305,90.27986538469996,1012800
2020-06-09,91.27811431884766,92.39894967282893,89.71069383202187,91.33940979349644,777400
2020-06-10,90.03467559814453,91.91733160371314,89.7982521373079,91.58457906090744,443900
2020-06-11,83.09076690673828,87.64416280853314,82.60915476988976,86.70721375378777,1021500
2020-06-12,85.23609161376953,86.46200760728371,83.79126896928626,86.19055721383371,696100
2020-06-15,86.10299682617188,86.75097844448808,81.89109960535411,82.89810230940137,716000
2020-06-16,87.93309020996094,89.84201439825121,86.15551533403125,89.19403291949683,807400
2020-06-17,88.0732192993164,89.3166455059317,87.60036566848274,88.73871106356661,503000
2020-06-18,86.68092346191406,88.05569895761185,86.28688212571406,87.50403975079085,527600
2020-06-19,87.96812438964844,88.99263708524282,86.73345678537666,88.37092408157348,1274100
2020-06-22,87.88057708740234,88.3359139227777,86.3394252094993,87.27637409443979,497900
2020-06-23,88.51104736328125,89.39545248805187,88.12575772907287,89.29913676020506,501800
2020-06-24,84.61439514160156,87.68794079144753,84.42175698375512,87.46902741685719,867100
2020-06-25,86.77725219726562,86.93487007938802,83.20458465629493,84.60563546658527,604300
2020-06-26,84.5531005859375,86.7247242250643,84.36045574528438,86.06798409413202,1434300
2020-06-29,85.59989929199219,86.27724272874822,84.77302165082537,84.97534013411459,730800
2020-06-30,87.63190460205078,88.5115663385092,85.02810666748823,85.27441087989077,656200
2020-07-01,87.4031982421875,88.21248549912013,86.25084341522283,88.21248549912013,821600
2020-07-02,88.96898651123047,89.60234402832931,87.8254235818813,88.7842583539577,816200
2020-07-06,89.91902923583984,90.72831647182511,88.62592533090316,90.69312919487528,883200
2020-07-07,89.60234832763672,90.59636371054788,88.85463716624078,88.85463716624078,853300
2020-07-08,87.1304931640625,90.20930908206773,86.24203297713517,89.9278176094444,755100
2020-07-09,86.11011505126953,87.9046263868098,84.4915401474226,87.9046263868098,763100
2020-07-10,88.1333236694336,88.36203092030573,86.06611293483547,86.06611293483547,613500
2020-07-13,89.37364959716797,91.5200268263962,88.50278617682038,89.27688624920847,759100
2020-07-14,90.99221801757812,91.30009830287767,88.74027926377241,89.37363682855255,563800
2020-07-15,94.88912200927734,95.48729230946503,91.92465928887424,92.5756071501327,1367600
2020-07-16,93.4024887084961,95.32895016750078,92.9802480982383,94.1941856581752,675400
2020-07-17,93.6575927734375,94.86272514233048,93.34091398902945,94.12381245290298,674300
2020-07-20,92.49644470214844,94.15020656108828,92.48764620450393,93.17378137245464,410800
2020-07-21,93.42007446289062,94.00065443494174,92.76912665194651,92.94506302739525,361000
2020-07-22,94.9682846069336,95.22338732753035,92.97145532679589,93.44647349156708,437700
2020-07-23,94.82755279541016,95.65443039411166,94.11502211309063,95.00348248586899,476500
2020-07-24,94.42288208007812,94.95947624502193,93.85989913838071,94.90669869151469,428400
2020-07-27,95.39933013916016,95.56646804736694,94.37892582750403,94.78356949516832,507600
2020-07-28,93.6399917602539,95.46968983357536,93.57841570544437,94.8715195677313,331900
2020-07-29,95.28497314453125,95.51368710906263,93.69278731321506,94.00946612217007,458800
2020-07-30,92.65476989746094,93.9654639714695,91.86307301302124,93.74554854308549,615600
2020-07-31,93.28813171386719,93.39368682914376,91.61677303869361,92.60198990813663,516700
2020-08-03,93.01544189453125,94.22937953955362,92.98905311290682,94.11501920413134,791700
2020-08-04,94.59883117675781,95.0034748011118,92.00382482902934,92.73394573682083,875000
2020-08-05,94.13259887695312,98.26700611571343,94.04463405063002,96.11183767001017,973500
2020-08-06,95.223388671875,96.03267590715346,92.80431875180427,94.53725355016992,1337100
2020-08-07,96.56046295166016,96.62203900290737,94.15019174547207,94.98587439672586,657500
2020-08-10,97.0794677734375,97.70402678810797,95.52246277364684,96.73640024018592,710600
2020-08-11,96.05028533935547,98.91797831110306,95.49609404522302,97.87118521017412,725100
2020-08-12,96.28778839111328,97.92396002161604,96.24380932397182,96.76280661073868,692000
2020-08-13,96.86835479736328,97.5105041196671,95.97989454638035,96.01508182190594,510900
2020-08-14,96.41973114013672,97.00910293973864,95.8567481209219,96.53408475890983,446700
2020-08-17,95.88312530517578,97.677635978627,95.36412812356512,96.92992487584387,520100
2020-08-18,95.97990417480469,97.07948147796093,95.77757899805755,96.10305629585521,401100
2020-08-19,95.4697036743164,96.45492740538867,95.01228244531461,95.93592340136273,476100
2020-08-20,94.90670776367188,95.2761640961111,94.22937115419995,94.53725143123265,336100
2020-08-21,94.41410827636719,94.79236314154124,93.33212124440365,94.30854643796256,373200
2020-08-24,95.67201232910156,95.86553898491353,94.83632965275775,95.32894478881178,321100
2020-08-25,95.52247619628906,96.32297169388443,94.50207194949262,96.32297169388443,525400
2020-08-26,95.61043548583984,95.91831574877513,94.40529650088014,95.22338217741469,371100
2020-08-27,96.24378967285156,96.95631350116231,95.87432665883287,96.17341512624932,442100
2020-08-28,96.01509094238281,96.78919094361773,95.5488712421341,96.46372035884112,892700
2020-08-31,94.00066375732422,96.06786771703187,93.85991464300663,95.61923830425351,561700
2020-09-01,96.89472961425781,96.89472961425781,93.48163820423372,94.06221809981804,652100
2020-09-02,98.75083923339844,98.98834497529796,96.13824251606775,97.08827890624022,999600
2020-09-03,96.26139068603516,98.83880001894354,95.07384860268952,98.4341563977962,721300
2020-09-04,95.42571258544922,97.55449247649749,94.10621991907087,97.2290152027276,683200
2020-09-08,92.927490234375,94.66042539393858,92.24135496965786,94.12383105383144,716900
2020-09-09,94.92430114746094,95.66321378423895,93.34090733824172,93.76314121317589,475400
2020-09-10,94.79236602783203,95.60165334638042,93.93909293078724,95.06505906290458,483100
2020-09-11,95.49609375,96.1382498901926,94.77477126019761,95.61924587914032,415700
2020-09-14,97.22901153564453,97.57207907906086,96.22619768392198,96.64843827420403,375000
2020-09-15,98.34618377685547,99.04111063535056,97.46652204973256,97.58087565819544,681800
2020-09-16,97.35218048095703,99.06752520601054,97.26421563355913,98.91797758301769,571900
2020-09-17,99.26983642578125,99.6568897795778,95.62803697721962,96.74521126248248,765700
2020-09-18,97.25540161132812,100.04393447887264,96.67482834214415,99.07630117808836,1037700
2020-09-21,93.6399917602539,96.14703314776692,92.54041455916456,95.26737138689543,672700
2020-09-22,94.6076431274414,94.85394739370061,92.39968980698144,93.56964178300056,608000
2020-09-23,91.9334487915039,95.35533236606418,91.81908847199009,94.2293664314708,549700
2020-09-24,91.52881622314453,92.60199801975392,90.2796913222313,91.31769255152453,728300
2020-09-25,92.73394775390625,93.47286717496769,90.42923807326875,90.52600141068498,526200
2020-09-28,93.525634765625,94.99466824245302,93.29692083690819,94.01824318628915,609200
2020-09-29,93.02215576171875,94.24996644190254,92.55399860528311,93.75531084101615,400100
2020-09-30,93.55213928222656,95.01844250846317,92.81014923947484,93.46380216012604,562000
2020-10-01,91.1495132446289,94.65628396161912,90.64602265926608,93.94962743446817,991800
2020-10-02,91.52051544189453,92.85432658958375,89.58604819861876,89.78921416383376,793600
2020-10-05,93.0398178100586,93.9407985390819,92.36849473913,92.41266330216634,808000
2020-10-06,91.70600891113281,94.4972950298811,91.54701151526517,93.50797715124057,768600
2020-10-07,93.87896728515625,94.39129296777114,93.03981849470293,93.14581226408768,554500
2020-10-08,93.68463134765625,95.07143924895081,93.56096746391097,94.47078321111249,457600
2020-10-09,95.41593933105469,96.21976137246594,93.68463809475743,93.90546743723172,796800
2020-10-12,96.3080825805664,96.75857628323786,95.16860247332454,95.49543229513341,936400
2020-10-13,95.82228088378906,96.9794245981345,95.56611801206805,96.0077767414124,907000
2020-10-14,96.66142272949219,98.11889777794784,95.83993728321187,95.86643572677302,433400
2020-10-15,96.34342956542969,96.71442125994339,94.83295760418645,95.14211734961454,542500
2020-10-16,96.20208740234375,97.05007117541508,95.884092645045,96.84690523746134,543500
2020-10-19,95.283447265625,97.48290563313229,95.19511013715605,96.48475942969424,474800
2020-10-20,94.65630340576172,96.28160431722903,94.65630340576172,95.65444972166213,440400
2020-10-21,94.28529357910156,95.89293091257225,94.24113175439224,95.01844860887833,401000
2020-10-22,94.94776916503906,95.36292935014916,93.70229534888455,94.79760685017925,537500
2020-10-23,95.20394134521484,96.19325918711259,94.95661356953453,95.7869340214697,413400
2020-10-26,93.06632232666016,93.97613817550983,91.68834933144527,93.89664284386757,502400
2020-10-27,92.253662109375,94.24995437985496,92.19183016717741,93.35780874802924,716600
2020-10-28,90.36337280273438,91.3880174833496,89.50655384564054,90.16904189627883,627500
2020-10-29,91.53819274902344,92.35967831737342,89.7538943126043,89.86872316482474,585100
2020-10-30,90.75202941894531,91.5911850075228,89.09139510322387,91.28201852062858,900900
2020-11-02,94.47079467773438,95.07145078847878,91.67068009435431,92.42149854799057,895600
2020-11-03,92.43914794921875,96.41407541893902,91.87382547043701,94.71810798259384,894000
2020-11-04,92.63350677490234,94.77996852599496,90.55770530060352,93.0398320079713,724800
2020-11-05,96.40525817871094,97.5535734667694,93.6581405916338,94.75345225432646,615100
2020-11-06,95.98127746582031,96.84692479390931,95.22162391878373,96.36109750016126,395200
2020-11-09,97.02357482910156,102.38531763199505,96.92641612030361,100.65400968945433,804800
2020-11-10,96.59075927734375,97.83624008399609,95.76927380081355,97.10308500231466,986500
2020-11-11,96.11377716064453,97.73908490124175,95.57495293450101,97.60658592545307,513600
2020-11-12,94.34712219238281,96.36108463359344,93.92313364643134,95.27460808781339,501100
2020-11-13,95.92827606201172,96.50243376635183,94.65630348562682,94.96546325283227,441300
2020-11-16,98.9227294921875,99.85021560555774,97.4652542022534,97.55359134766239,537700
2020-11-17,102.19099426269531,102.5178173943387,98.23372926413047,98.75489004521303,1227900
2020-11-18,101.81998443603516,103.16263053538323,101.1221696842252,102.46480904439696,687800
2020-11-19,101.86416625976562,102.09383067966644,99.9296989220007,101.23701169007782,367000
2020-11-20,100.47734832763672,101.96132174173503,100.14169016152488,101.96132174173503,588600
2020-11-23,102.517822265625,103.33047945071526,101.41367544046817,101.4225105020391,394000
2020-11-24,104.44346618652344,105.3532821931306,102.22634396782112,103.34815430141,454500
2020-11-25,103.06548309326172,104.4964598266538,102.553157341151,104.17846499701112,489500
2020-11-27,102.17329406738281,103.69260065769224,101.49314282083387,103.40110437809622,238200
2020-11-30,102.47364807128906,102.77397273668832,100.83067725456823,102.1998151090512,865400
2020-12-01,105.05293273925781,105.30026051907006,102.95063987167715,103.77212527701158,679400
2020-12-02,104.37279510498047,106.18359186829406,103.93113637160971,104.6731198088674,706600
2020-12-03,104.56712341308594,106.5987563624328,104.01063581318309,105.12361775216652,621600
2020-12-04,107.49089813232422,108.02088723222874,104.70844693385416,104.80561238840731,608000
2020-12-07,104.96460723876953,107.3230630564344,104.44344647346507,106.97856981291827,423300
2020-12-08,105.80377197265625,105.83910548232636,104.2932998149435,104.49646581075208,338400
2020-12-09,105.05293273925781,106.83723082160085,104.54944211916101,106.25424487478293,598600
2020-12-10,103.93111419677734,105.27375349451965,102.52663621994672,104.49643671574,646500
2020-12-11,102.84463500976562,104.42577380854627,102.41181141341713,103.21562666377862,816800
2020-12-14,101.15750885009766,104.54945127667453,101.0868485776597,104.22262140233748,544900
2020-12-15,101.5726547241211,102.56197252899156,100.32718083200922,102.36764164417984,554900
2020-12-16,101.02501678466797,102.2704908552331,100.1328642943745,102.19099552142512,574500
2020-12-17,102.1291732788086,102.41183461340049,100.64519958740664,101.52851710040356,455300
2020-12-18,102.15565490722656,102.95064188587429,100.41551861484675,102.235150235503,1233400
2020-12-21,101.86416625976562,102.31466003825413,100.079868007615,100.22119529273898,461600
2020-12-22,100.40669250488281,102.25282947204708,100.28302860153332,101.80233568745832,426700
2020-12-23,100.55684661865234,101.87299435808423,100.46851622909007,100.86601309088543,355800
2020-12-24,101.0780029296875,101.3341657655794,100.25651753843984,100.25651753843984,176600
2020-12-28,99.50570678710938,101.76699718205559,99.41737639465248,101.76699718205559,355300
2020-12-29,99.50570678710938,100.48618964348805,98.47222704309196,100.32719224139483,403700
2020-12-30,101.20006561279297,101.61700244317353,99.81618916778282,99.81618916778282,348800
2020-12-31,101.95408630371094,102.33553838852869,100.59682860620111,101.3597327758366,511000
2021-01-04,100.34843444824219,103.21375452129044,99.78069280008357,102.64601287313184,585800
2021-01-05,102.91217803955078,104.06540067461071,99.70088280379657,99.80733693528587,626600
2021-01-06,106.5315170288086,108.13716782726371,103.74603190390617,104.26942285739621,816100
2021-01-07,108.1194076538086,109.64521596802756,106.22989299567357,107.27666799486927,719500
2021-01-08,107.40973663330078,108.81135191235003,105.87505541317461,108.66941310373066,581500
2021-01-11,105.89279174804688,106.80650075137476,105.01456067570952,106.20327440432126,569400
2021-01-12,108.44763946533203,108.45651233292962,105.31618723686373,105.70651219497817,722500
2021-01-13,108.15489959716797,109.69845374938264,107.17022106724369,108.82022256235923,614700
2021-01-14,107.97749328613281,109.0420074261488,107.19684326663965,108.35007255833682,548900
2021-01-15,106.49603271484375,107.2589369281431,104.64199585340201,107.2589369281431,657300
2021-01-19,103.40892791748047,104.34038275300088,100.38392976298908,101.98957364698532,1342300
2021-01-20,102.4331283569336,103.52425426760777,101.89199845169941,103.52425426760777,944900
2021-01-21,102.01618194580078,104.10973196021666,101.57263332864513,102.86779447857786,1047600
2021-01-22,101.52827453613281,102.65489180021878,100.65892304707319,101.2355375960293,811300
2021-01-25,100.29521179199219,101.15569719770336,97.22585615365124,100.63231307473296,761900
2021-01-26,97.86456298828125,101.78553099416796,97.7314970544676,101.31537056030562,740600
2021-01-27,95.39842987060547,97.13713950064712,94.09439595607066,96.40972009656832,990800
2021-01-28,96.72020721435547,97.51859605275628,95.44278507291419,96.74681904763307,807100
2021-01-29,96.06377410888672,97.79361125696359,94.99925321405686,95.93070815103103,1503100
2021-02-01,97.35891723632812,98.0774637991414,95.98391387567077,97.26133600335169,967100
2021-02-02,98.5564956665039,99.87826857397975,96.84439783278778,98.39681790286147,938900
2021-02-03,98.14844512939453,99.78957378746036,97.53634582414232,98.8847375157102,993800
2021-02-04,101.10247039794922,101.2000516327716,97.73149828302859,98.38795509329094,823700
2021-02-05,102.17587280273438,103.90570992394821,101.75006309781176,102.14926096517965,808500
2021-02-08,103.47989654541016,103.57747778527482,102.16698962505858,102.8145736016137,621100
2021-02-09,103.22264862060547,104.5887793575002,102.51296803042109,103.65732442888516,673900
2021-02-10,95.7177963256836,100.91618684429248,94.16537611065912,99.45247500223782,2358000
2021-02-11,97.81135559082031,98.00651809047291,95.54038177524492,96.73796861074668,1220700
2021-02-12,95.52262115478516,98.22827016303462,95.11455727892057,97.62504383175346,1766700
2021-02-16,96.44522094726562,97.38554193323218,95.89521817674847,96.64924953915647,1512600
2021-02-17,94.69762420654297,96.24117140863603,94.6266548076385,95.6024603545246,1128300
2021-02-18,92.98554229736328,94.99038416764013,92.74602899506323,94.09441396508036,1144600
2021-02-19,93.36698913574219,94.60892668687528,92.87021682249501,93.1806995182745,1251100
2021-02-22,93.14521026611328,93.97908383806991,92.31133669415667,93.07424086253936,1276200
2021-02-23,92.98554229736328,93.21618949929278,91.3000560088302,93.21618949929278,962200
2021-02-24,93.11859130859375,94.28955930593014,92.77262395265444,93.18956070673883,1158500
2021-02-25,90.39521026611328,93.33149996983242,90.15569022081027,92.85246664724124,766600
2021-02-26,90.20891571044922,90.97181983777325,89.78310607993707,90.54601020726109,1993500
2021-03-01,94.62667083740234,95.85973558818759,91.29118974003426,91.29118974003426,1436500
2021-03-02,93.60649871826172,96.56940704871047,93.39359727358749,94.79521255105718,1177900
2021-03-03,91.84117889404297,93.92585611617429,91.80569419123037,93.36698727490965,768000
2021-03-04,89.3927993774414,91.8145781857758,87.61860462989019,91.54844626643677,1312300
2021-03-05,91.11376190185547,91.36214806033148,87.07747329059004,90.36860342642747,998200
2021-03-08,91.42425537109375,93.84603423758692,91.21135389131923,91.54844846496356,884100
2021-03-09,92.98554229736328,93.90812433706576,91.4952185052309,92.1073178315757,1216100
2021-03-10,94.34280395507812,95.74441942413833,93.09200018262463,93.87264343181491,757000
2021-03-11,96.43634033203125,97.13714796512866,95.12344020441736,95.12344020441736,1300100
2021-03-12,97.67826843261719,98.21052537285419,96.11697554230966,96.11697554230966,1171000
2021-03-15,99.603271484375,99.74521028352747,97.15488134311052,97.58069097255347,1104600
2021-03-16,96.41862487792969,99.55895069148151,96.24120132551585,99.48798127051597,756500
2021-03-17,97.0218276977539,97.7315014298408,95.7444055047767,96.03714921866978,601400
2021-03-18,97.66939544677734,99.31939669710773,96.4718156407025,96.95972178333241,743600
2021-03-19,97.48312377929688,98.38796683416987,96.39199786773379,98.0242536849719,1238100
2021-03-22,97.84683227539062,98.18392680387264,96.31215100958583,97.55408854991104,828400
2021-03-23,95.82424926757812,97.90893337831463,95.34522267193593,97.2524764903308,902200
2021-03-24,97.1460189819336,98.51214952027388,96.07263215209795,96.07263215209795,751100
2021-03-25,98.334716796875,98.9823006881963,96.00165375085436,96.75568496764312,741100
2021-03-26,100.92506408691406,101.04926394440251,98.73393928378013,99.15086935957221,667400
2021-03-29,99.97587585449219,101.12023233075875,99.29281382361266,100.60572097431097,1009600
2021-03-30,98.90678405761719,100.31439443989083,98.24752616599373,99.77095001125308,690300
2021-03-31,98.5415267944336,99.32550900624274,97.65954595652781,98.90678883964146,807700
2021-04-01,99.70858764648438,100.10058213103929,97.9535300822263,99.23641617934156,660600
2021-04-05,101.41020202636719,101.71310193640046,99.90459290529886,100.39458605031048,708400
2021-04-06,100.51931762695312,101.75765661376404,100.26986902485663,101.00039998683836,784300
2021-04-07,99.36114501953125,100.81330276467901,99.10278562440088,100.66184601790334,610900
2021-04-08,99.32549285888672,99.89566288332149,98.75532283445196,99.40567662945936,652600
2021-04-09,99.6729507446289,99.9758574260389,98.924605055787,99.78877100382842,580200
2021-04-12,100.13622283935547,100.81330239664032,99.50369058336503,100.02040257477549,789900
2021-04-13,98.66624450683594,100.43911688421531,98.27425002857504,99.92240492291917,618900
2021-04-14,99.05823516845703,99.77094434142347,98.50587995191337,98.50587995191337,591800
2021-04-15,100.1985855102539,100.47475974823381,99.58386809336815,99.84222748891487,611800
2021-04-16,101.24092864990234,102.52381482738481,100.554945055921,101.23201783006871,755400
2021-04-19,100.51038360595703,101.71308582957344,99.60167722279174,101.46363728505602,548500
2021-04-20,100.6707534790039,101.51709780274103,99.80658751649295,100.60839133722288,548200
2021-04-21,102.32781982421875,102.38127115046854,100.27876622309752,100.46585266193594,425700
2021-04-22,101.08055877685547,102.27435703940915,100.80438455955455,102.09617464359935,569800
2021-04-23,103.25434875488281,103.5572486684786,100.9736613949622,101.4547437256416,472500
2021-04-26,104.84013366699219,104.92031065602622,103.54834344370686,103.77997038778126,973500
2021-04-27,105.72210693359375,106.14973790193649,104.42140598378991,104.71540184971532,688300
2021-04-28,106.22101593017578,106.77336441097094,105.39248641201905,105.79338494143256,802700
2021-04-29,107.1119155883789,107.54845063252054,105.93593877775741,106.90700750000619,750600
2021-04-30,105.33902740478516,107.29899312434931,104.68868030280694,106.85354729676163,969600
2021-05-03,106.06957244873047,106.81792507339203,105.84684950520669,106.38139000723561,697200
2021-05-04,106.0517349243164,106.21209568123831,104.69757591098403,105.27665679969998,870300
2021-05-05,108.5373306274414,108.66205491385308,105.39248421141396,107.15644586035855,1061500
2021-05-06,104.60848236083984,104.9202930385554,99.10277240516602,101.06273785945218,2553900
2021-05-07,107.27227020263672,107.38808367386113,104.39468709224407,104.76885996570518,1178800
2021-05-10,105.4459457397461,109.13423695934982,105.33013226171686,108.61751812451571,844000
2021-05-11,104.35905456542969,104.71541260950477,102.83563055404893,103.88688304574005,832900
2021-05-12,102.40799713134766,104.59959667188735,102.20309584877826,103.88688060051267,568600
2021-05-13,103.5839614868164,103.95814111780953,102.29217140872943,102.45253216573694,450000
2021-05-14,105.29448699951172,105.66865986376692,104.09177782631951,104.44813584811854,431300
2021-05-17,105.49939727783203,105.82011884512642,104.2343326495956,105.14303922562,413700
2021-05-18,104.83123779296875,106.14084984295137,104.8223337686716,105.1074188763779,770100
2021-05-19,103.82451629638672,104.62632016077933,102.6663544037125,103.70870282590492,563800
2021-05-20,103.6285171508789,104.09177782132063,103.10289433639763,103.83342522241678,577000
2021-05-21,104.1274185180664,105.15194532329873,103.97596856169199,104.47486573420267,446600
2021-05-24,104.00270080566406,105.071774981929,103.79779950983108,104.98268036951677,612700
2021-05-25,102.9425277709961,104.85793928593286,102.86234399205148,104.07395711972035,462300
2021-05-26,102.80890655517578,103.18307944888029,102.1852782687038,102.91580921225452,482900
2021-05-27,103.55724334716797,103.94923784764497,103.0672570185356,103.788877078992,886700
2021-05-28,103.95814514160156,104.21650452661167,102.79107249938853,103.8155992200938,625900
2021-06-01,105.40139770507812,105.65084630031616,104.26105738572457,105.13413426602214,645700
2021-06-02,104.85794830322266,106.01611020916728,104.23432684430733,105.86466025442557,1299800
2021-06-03,104.99156951904297,105.04502763484903,103.4503309187264,104.33231166444942,643700
2021-06-04,105.4370346069336,105.65975753884388,104.61741584877524,105.16086034639348,462800
2021-06-07,105.5617446899414,105.75774193114347,103.96704789657235,105.75774193114347,534700
2021-06-08,106.1408462524414,106.71101644856643,104.97378019427376,105.45486257168517,709900
2021-06-09,105.40139770507812,106.68428396283309,105.38358286126017,106.25665294459328,590100
2021-06-10,105.66866302490234,106.27446964099454,105.12521855471827,106.00719941740876,596200
2021-06-11,106.3902816772461,107.12972339515345,105.36575489661065,106.36355601464096,519100
2021-06-14,105.5350341796875,106.39028943019653,104.8401397134592,106.39028943019653,571400
2021-06-15,105.80229949951172,106.06065890644874,104.21651337145236,105.7577521960189,509300
2021-06-16,104.5906982421875,105.94485078186231,104.11852667767566,105.91812511548844,679400
2021-06-17,105.1252212524414,105.26776718786894,103.58397561121166,104.31450653786699,1173900
2021-06-18,99.81551361083984,104.13633728765485,99.70860415272739,103.72652789367089,1592700
2021-06-21,101.68637084960938,102.15854232945529,100.40348471797988,100.590577942979,719000
2021-06-22,102.08727264404297,102.43472664664829,100.5638487123162,101.94473351204437,686800
2021-06-23,101.74874114990234,102.71090582576515,101.5794695503623,102.45254641482249,542100
2021-06-24,100.53712463378906,101.34783932436724,99.53041948324558,100.57276111659115,1331400
2021-06-25,99.78876495361328,101.41018731142714,99.67294470143597,101.33000353707645,990100
2021-06-28,98.0782699584961,99.7442399857771,97.50809977955852,99.63733052836456,912300
2021-06-29,97.55927276611328,99.15200310067279,97.26398945867831,98.650921240828,689600
2021-06-30,96.81660461425781,97.76508988291835,96.41395047521539,97.20136589618399,1369900
2021-07-01,97.12084197998047,97.96194966196457,96.78976608187983,97.46981073596761,871100
2021-07-02,97.11189270019531,97.38927637278428,96.54817551265754,97.30874827173439,708900
2021-07-06,95.4833755493164,97.08505609581907,94.30224887264845,96.84346495077037,920600
2021-07-07,94.57068634033203,95.9934041138158,93.50588035082654,95.25967403389285,1036400
2021-07-08,94.27537536621094,94.53486611231482,92.66474550305848,93.21056968853082,914600
2021-07-09,96.33343505859375,96.56607636537355,94.42752125520121,95.52811984777507,1313300
2021-07-12,97.3266372680664,97.65771315494862,95.34914544223633,95.84128435155728,1402500
2021-07-13,95.82337951660156,97.38032425872625,95.52810301361068,97.21926124494539,478700
2021-07-14,95.9307632446289,97.1924247373904,95.76075037849611,96.2170967510619,562400
2021-07-15,95.79653930664062,96.77186725617919,95.02701675711704,95.22387231537596,457600
2021-07-16,94.07853698730469,96.27972698350781,93.85483873370605,96.2260415871974,515500
2021-07-19,92.26211547851562,93.13900887825811,91.44785049488243,92.35159342160964,899700
2021-07-20,92.46791076660156,93.41639604440776,91.67154549603143,92.02051424036084,644600
2021-07-21,94.1859359741211,94.38279157422411,93.13007970452982,93.44325596527078,828000
2021-07-22,94.74069213867188,94.83017691115903,93.31797436895783,94.32014511093875,513600
2021-07-23,95.1612319946289,95.40282992203694,94.59751487522458,95.1612319946289,511800
2021-07-26,95.41177368164062,95.67126446690253,94.42750276195224,94.93753449112805,602200
2021-07-27,95.05386352539062,95.67126605407,93.77430926054954,94.79437273582381,412600
2021-07-28,95.60865020751953,95.87709089302545,94.50805841575166,95.23283870919539,433600
2021-07-29,95.67124938964844,96.60183476805128,95.50124339120097,96.44077178281371,774000
2021-07-30,95.69812774658203,96.5750280656096,94.95545459645717,95.6444423404051,763300
2021-08-02,95.38492584228516,96.83449285972314,94.68698844279854,95.99338531330164,821200
2021-08-03,95.54598999023438,95.9039085351362,93.98905217064913,95.57283268642453,745400
2021-08-04,88.2534408569336,95.56390566078011,88.20870529804152,94.26645157177768,1727300
2021-08-05,83.42155456542969,88.28028083849736,83.08152885562352,87.6718213241761,3454100
2021-08-06,85.28272247314453,85.6316912126688,83.66314925500734,83.7436773517918,2269400
2021-08-09,85.85538482666016,86.29383830785694,84.4595099441006,85.55115848629872,914000
2021-08-10,85.4527359008789,87.0991518288407,85.44378605893391,85.94487480691595,1041200
2021-08-11,86.07014465332031,86.30278592834334,85.23798685352328,85.83749655156815,945600
2021-08-12,84.97848510742188,86.11486911744721,84.39686834131973,85.4974666418963,1050500
2021-08-13,84.3968734741211,85.69432056248631,84.24476030616381,84.90690519888803,491400
2021-08-16,83.03679656982422,84.11054548360413,82.65203529081943,83.6989415057642,806400
2021-08-17,82.41043853759766,82.5894012436307,80.907185940566,82.53570901845619,1237000
2021-08-18,81.73934936523438,82.73257026507767,81.29195280951144,82.67888486294441,1067800
2021-08-19,79.23393249511719,81.66776401599164,78.14228381037745,80.9608834677385,1270500
2021-08-20,78.5359878540039,79.60079383394009,78.13333368728212,79.14444743872035,697400
2021-08-23,79.71710968017578,80.17345604791849,78.08858659953802,78.93864409448851,1185200
2021-08-24,81.20246124267578,81.48879471723922,80.2181903505345,80.30766828132398,1199400
2021-08-25,83.12626647949219,83.49312803935443,81.11298234055968,81.44405136318905,1278700
2021-08-26,83.75262451171875,84.3700338742119,83.25154260982802,83.66314657591381,1358100
2021-08-27,83.27838897705078,84.12843964474327,83.23364659381257,83.52892993903471,958200
2021-08-30,83.50208282470703,84.28055519547843,83.48418996839533,83.50208282470703,1323300
2021-08-31,83.77946472167969,84.18212566093689,83.0367917324989,83.58261599944649,1601400
2021-09-01,84.45951080322266,84.79952968591977,83.17995653895119,83.79736589408455,702000
2021-09-02,86.49071502685547,86.9112621014492,84.72797130942291,84.99640517660633,1024100
2021-09-03,85.2558822631836,87.13494633703239,85.23798940561883,86.3564807384728,937200
2021-09-07,85.58695220947266,86.16856902749676,84.57583174571002,85.05902078714256,1146300
2021-09-08,86.75018310546875,88.22659299716491,84.88006891558834,85.56011354223993,2030700
2021-09-09,87.24231719970703,88.17290273571136,86.01644833630417,86.12382595355693,1300100
2021-09-10,87.79711151123047,88.65611216666065,87.25128711141592,87.92238201347672,1171000
2021-09-13,88.15499877929688,88.55765970442832,87.30494820412241,88.47712478871064,981000
2021-09-14,86.66070556640625,88.67398992981815,86.41016460456945,88.26238594583921,824100
2021-09-15,87.48391723632812,87.70761550839545,86.12383474591978,86.66070923353546,1124300
2021-09-16,87.12600708007812,87.78815206620723,86.62491829916752,87.30496297036288,854900
2021-09-17,85.17534637451172,86.74123409730221,84.18212561563202,86.07908237356328,3590800
2021-09-20,84.5758285522461,84.78163393918359,83.04573339218172,83.29627433159877,1272300
2021-09-21,83.49314880371094,85.19325719807532,83.35893528911991,85.05903685675416,1149600
2021-09-22,84.14633178710938,84.73689159789548,83.35891643048502,84.37897987098444,943500
2021-09-23,84.54898071289062,85.56904409089023,84.46845262728822,84.74583624666742,722800
2021-09-24,84.2358169555664,84.85322634296844,84.09265361784848,84.38793013524456,948100
2021-09-27,85.39904022216797,86.26699046465916,84.4416120511859,84.70110282251933,857000
2021-09-28,84.02107238769531,86.0433066794832,84.0031727029542,85.73012363707912,1174100
2021-09-29,83.85916900634766,84.33584487748134,83.62533241487398,83.92212606740674,1521000
2021-09-30,82.34819030761719,84.22791998248456,82.34819030761719,84.05703359518621,2015000
2021-10-01,82.96878051757812,83.139666922552,81.74560878701952,82.86984700541488,1781100
2021-10-04,81.73662567138672,83.44546940146272,80.27062127686081,82.96879342062084,1859700
2021-10-05,83.43647003173828,83.63433707843839,81.00811795014282,81.81757093127675,1098200
2021-10-06,80.5763931274414,81.35886534751113,79.26328379598786,81.08905230948388,1568500
2021-10-07,80.8282470703125,82.24927920337656,80.63038001257016,81.17900890474422,777700
2021-10-08,80.10871887207031,81.40384350605424,80.0457618057964,80.84621887490992,892600
2021-10-11,79.37122344970703,80.70232460720837,79.34424282857626,79.9288481130316,965700
2021-10-12,78.9754867553711,80.0007914951672,78.62472496869378,79.61405326090687,934700
2021-10-13,79.5061264038086,80.12670122049246,78.74164580471344,79.46115413135372,977400
2021-10-14,82.32121276855469,82.35718921258375,79.92883756596527,80.3065799355628,1045400
2021-10-15,83.14866638183594,84.09302934919653,82.29424797274314,83.08570930813232,718700
2021-10-18,82.78890228271484,83.36451168167173,82.45612531133449,83.28356296460935,564900
2021-10-19,82.90582275390625,83.19362746092045,81.73661227189545,83.19362746092045,676300
2021-10-20,83.58036041259766,83.92212633632705,82.33020815198654,82.77990340722235,575300
2021-10-21,84.21893310546875,84.47975719629015,83.1396671574817,83.38249959414684,795600
2021-10-22,83.61634826660156,85.4151295330039,83.4724424716225,84.25491479275767,502700
2021-10-25,83.85916900634766,84.50673126970096,83.38249313521398,84.11099725058394,566500
2021-10-26,83.37349700927734,84.54270740966493,83.3465163920354,84.23691793184956,554500
2021-10-27,82.37516784667969,83.22059706365953,82.10535482933614,83.18462062231947,637300
2021-10-28,83.4814224243164,84.29087521263199,82.40215661443209,82.54605552024115,683800
2021-10-29,81.85352325439453,83.5263899683707,81.34087099442146,83.36449941986318,714300
2021-11-01,84.06604766845703,84.15598536378654,81.71863745278328,82.34820818189618,934500
2021-11-02,84.02107238769531,84.71360702678056,82.81589221736877,84.10202111386388,840300
2021-11-03,94.6248779296875,96.12685848528446,87.34881175170104,87.34881175170104,3355900
2021-11-04,93.85140228271484,95.93798807896401,93.38372221709233,95.93798807896401,1396000
2021-11-05,95.90201568603516,96.1088785399473,93.57259736266369,94.32808216100938,933800
2021-11-08,94.49896240234375,96.18981412294202,93.91435718740225,96.08189165125171,1258800
2021-11-09,96.22579193115234,97.66481542246017,94.0222878533815,94.43600667826966,1115600
2021-11-10,95.16451263427734,96.99027436698115,95.01161788643046,96.00094612670581,649100
2021-11-11,95.04759216308594,95.79408795514583,94.27411575282237,95.2634439705207,705900
2021-11-12,95.41632843017578,96.14483935217713,95.06556670772513,95.17349603071168,462100
2021-11-15,95.65019226074219,96.5405870643709,94.70583621501656,95.40735980950015,650600
2021-11-16,94.76879119873047,96.11787711590539,94.73281475085578,95.92001008349747,621000
2021-11-17,94.41801452636719,95.24545211164111,93.90536223312087,94.44499514256889,493500
2021-11-18,94.50796508789062,95.27244571900206,93.95034045040175,94.56192632765205,410300
2021-11-19,93.58158111572266,94.86770976184819,93.53660884751638,94.07624175696802,537600
2021-11-22,93.70750427246094,95.30841836505577,93.58159014350215,93.86939484709443,568000
2021-11-23,94.35507202148438,94.50796677807992,92.51131852953085,93.84241278735969,630500
2021-11-24,93.6445541381836,94.25614003630349,92.84409703264804,93.69851537978639,456400
2021-11-26,92.31344604492188,92.42137538180533,90.61359844438844,91.39607069773136,393500
2021-11-29,93.1229019165039,94.73281188572535,92.19653071261688,94.64287419966162,1044400
2021-11-30,90.10993957519531,93.0419477683107,89.20155321678823,92.23250177914946,1207500
2021-12-01,90.09194946289062,93.84240639774397,90.06496884436446,92.27746876697879,788800
2021-12-02,93.11390686035156,93.79744563134577,90.38875446540294,90.69454397291271,861500
2021-12-03,93.25780487060547,95.92899580304186,92.55628136548178,93.57259017908339,982300
2021-12-06,94.9396743774414,95.84806085102971,93.93236124567402,94.59790840227834,651200
2021-12-07,96.32472229003906,97.3410379583311,95.24545642229721,95.81206997359092,774500
2021-12-08,97.82670593261719,98.3213734739146,96.26176831566623,96.52259239545893,852100
2021-12-09,96.6305160522461,97.95262116511076,96.52258672363097,97.08021129543518,619600
2021-12-10,97.28707885742188,98.38433647944125,96.423664711031,97.7817464285964,584000
2021-12-13,94.46297454833984,97.01724690477943,94.33706043870596,96.84636052950302,968100
2021-12-14,94.08525085449219,95.6681802257334,93.92336027264018,94.41802784546735,1062500
2021-12-15,95.06556701660156,95.30840627865918,93.10489557770474,93.92334417395183,1060500
2021-12-16,94.4090347290039,96.43266362935647,94.1661954183503,95.0206206266938,1063400
2021-12-17,93.51863098144531,94.6518581166566,93.0509440599695,94.25613094672157,2932500
2021-12-20,91.95370483398438,93.1139196804286,90.34379462977759,92.52032537632144,948400
2021-12-21,95.13754272460938,95.47931556627451,92.58327654903928,92.82610900755373,922700
2021-12-22,96.68447875976562,96.90033055848204,94.66085013456123,94.88569775958393,707100
2021-12-23,98.1415023803711,98.65415473556135,96.74744423919829,96.91833064486356,730300
2021-12-27,97.98860168457031,98.4562886323052,97.07122630525282,98.0965310252335,512200
2021-12-28,98.54622650146484,98.93296472896849,97.78174587364758,97.7907417008376,517700
2021-12-29,98.3933334350586,98.93296642501572,98.14150516386566,98.50125591596657,339400
2021-12-30,98.86328887939453,99.41458851276394,98.04086268720731,98.53793149264503,422500
2021-12-31,99.3151626586914,99.72185590064986,98.61926364806688,98.917502141072,451600
2022-01-03,99.55015563964844,100.84254557131402,99.45978011967948,99.9206973400842,674600
2022-01-04,100.50814819335938,101.11367175965745,99.0621191935393,99.0621191935393,928800
2022-01-05,98.51081085205078,101.50228372742123,98.3842837567016,101.10463009712792,770300
2022-01-06,97.51667022705078,99.73994099708716,97.50763060697146,99.48688679654461,716200
2022-01-07,97.7968521118164,98.10413718701598,96.87501067663958,97.75166779457682,669200
2022-01-10,97.06476593017578,97.43530753522573,95.89890340562822,97.43530753522573,632600
2022-01-11,98.86328887939453,98.99885560640851,97.13709370072763,97.94144754707773,528200
2022-01-12,100.53524017333984,101.23114601613895,99.50494428484005,100.52620744981897,566300
2022-01-13,102.56874084472656,103.4905890767456,100.40873350813146,100.67986696348063,938500
2022-01-14,103.1200180053711,103.22847274291466,101.47515907627469,101.53842261603961,767100
2022-01-18,100.05626678466797,102.41510446452581,99.49592751330816,102.2524257660801,892000
2022-01-19,100.36353302001953,101.71918628785298,99.88452974007609,100.5985079552268,492800
2022-01-20,98.77291870117188,101.54748936389765,98.56504878914802,100.75217509506267,619100
2022-01-21,98.375244140625,100.67985761138821,97.78779297207659,98.51081085570688,870100
2022-01-24,97.06476593017578,97.27262888307472,94.1275174684329,96.70325704815036,922400
2022-01-25,97.26360321044922,98.2577475366759,93.60333671933178,95.40183474638623,630400
2022-01-26,97.01960754394531,99.50497246744987,96.09776613348362,97.97760743956674,454600
2022-01-27,97.68838500976562,99.98395902926637,96.64001658629549,98.35717901452786,705000
2022-01-28,98.0589370727539,98.17642456116445,95.70913903807099,97.46244621956893,607200
2022-01-31,99.74899291992188,99.92070435134852,97.66128171753394,98.19450904462374,891900
2022-02-01,100.8154525756836,101.00524327189511,98.4204629221757,99.80322863401068,847500
2022-02-02,101.8095703125,102.1710792598809,99.9387689221543,100.77023467448358,887500
2022-02-03,100.0472183227539,101.94513860197284,99.87550691388716,101.05944201199001,687400
2022-02-04,99.62246704101562,100.4810448944415,98.86329744111809,99.54112423967875,679700
2022-02-07,97.80589294433594,100.21895478251564,97.79685332269172,99.98397288624311,871500
2022-02-08,100.48104095458984,100.55334413178524,97.814925076207,98.26680959086244,1027000
2022-02-09,106.08439636230469,108.09980414507599,101.90898824617135,102.45124823454076,2105900
2022-02-10,106.01210021972656,108.96742164192605,105.68674284725563,106.31937835194364,1164500
2022-02-11,106.52725219726562,107.84675408116549,105.56021966408923,106.13863125990258,913400
2022-02-14,104.61126708984375,106.644747443642,103.59904327589946,106.20190254169603,610400
2022-02-15,106.44591522216797,106.78935186641235,104.76490427519327,105.51503422474649,556900
2022-02-16,108.08173370361328,108.19018846820025,105.88558160621326,106.31034725328875,702500
2022-02-17,106.74415588378906,108.37094282270381,106.34649532200764,106.94298616467978,454300
2022-02-18,105.64154815673828,108.34381528791533,105.59635695280433,107.00624115206988,840800
2022-02-22,104.9818115234375,106.38264935197324,103.87017260711643,105.19871415520367,562800
2022-02-23,103.65327453613281,105.87654557138934,103.38214106308736,104.94566455325628,792800
2022-02-24,103.84305572509766,104.11418227817023,100.69793668490173,101.61978489289451,942300
2022-02-25,106.61763000488281,106.78030870064796,103.74364430983863,104.73778883053222,721200
2022-02-28,105.96691131591797,105.9849836613545,103.57192217579126,104.62029748657065,1213000
2022-03-01,104.91854095458984,106.36457688528878,103.76171772619895,105.92172510628731,1158700
2022-03-02,108.05460357666016,108.85895731700548,105.18965792193768,105.95786008016296,1079400
2022-03-03,109.03971099853516,109.6542740803216,107.55753066514592,108.76857759075534,723100
2022-03-04,109.60910034179688,109.66332427390734,107.44909304006917,107.87386556216133,1023100
2022-03-07,107.46717071533203,111.00994339594605,106.62666530381397,110.12424677818755,1347500
2022-03-08,106.15670013427734,107.89193486497497,104.61125605582383,106.97913318921178,1015000
2022-03-09,108.45227813720703,109.05780170195601,107.0062491410863,107.20507942090481,982000
2022-03-10,112.44692993164062,112.91689364205774,107.10565907834437,107.65695868371265,1305500
2022-03-11,111.40758514404297,113.99236465395364,111.36240083784169,111.75102172626069,893300
2022-03-14,113.8839340209961,114.5165695651359,111.12743580322204,112.80844670074815,1640600
2022-03-15,115.39321899414062,115.61012160994491,113.52241755670538,114.02852595865197,1746600
2022-03-16,113.99237060546875,117.07421901575145,111.78717914472982,115.76375684893853,1830800
2022-03-17,117.16461181640625,117.17364454179379,113.15187527706314,113.58568742802329,1067300
2022-03-18,116.98385620117188,117.23691040633227,114.99556035523604,117.08327133822917,2027900
2022-03-21,118.75524139404297,118.88176850275666,117.10135625529277,118.33951537559251,1450400
2022-03-22,117.9689712524414,120.01148431074913,117.67072581549195,117.85147686474042,1210200
2022-03-23,118.62871551513672,118.88176973518749,116.7669535574401,118.5835380968868,1141700
2022-03-24,120.96949005126953,121.22254427616306,118.72813293018248,119.29751183140344,1290400
2022-03-25,123.40962982177734,123.48193297911804,120.81580404244231,120.81580404244231,907600
2022-03-28,122.86737823486328,123.40964508678492,121.17733481803042,122.79507506857912,1074800
2022-03-29,118.12260437011719,122.32513845267957,115.80895795953629,121.10504479861491,2136800
2022-03-30,120.48196411132812,123.78507672499431,118.60353871311158,118.88484558610412,1387700
2022-03-31,119.39303588867188,121.12625243720203,118.58539322737379,118.81225540956258,1793700
2022-04-01,118.99376678466797,121.25330545783518,118.07723462554524,120.45475992138414,1032000
2022-04-04,119.97381591796875,120.38216512219275,117.5872210639439,119.34767400975917,928400
2022-04-05,121.3259048461914,122.95931549664164,120.25512188157803,120.68162393604476,1575900
2022-04-06,121.59813690185547,122.57818324892146,120.46382592329338,121.76147103641502,977100
2022-04-07,123.25877380371094,123.80323478300498,121.35312575975674,122.16075464862742,748200
2022-04-08,125.59090423583984,125.90851684398395,123.05912825989999,124.10268880682598,960200
2022-04-11,123.93936157226562,126.2170531270801,123.36766438441687,125.64536978580149,829000
2022-04-12,124.46566772460938,126.1807452235223,123.99379052088062,124.33862545974799,761200
2022-04-13,125.76331329345703,126.06277302910173,124.6743776116562,125.20976902694441,534300
2022-04-14,124.12992095947266,125.6635117173453,124.04825388689932,124.87403565599543,819100
2022-04-18,124.6653060913086,127.36042982191516,124.26602645024566,124.6199308872663,964100
2022-04-19,126.43482971191406,127.02466583145589,124.55640424646863,124.9103086875074,664500
2022-04-20,126.58002471923828,127.9411977753836,125.00105898934511,126.56187186811721,1036900
2022-04-21,124.32955932617188,127.7506452954109,124.25696175811767,127.43303266599504,783900
2022-04-22,120.35494232177734,124.26604454958682,119.79231463352914,123.73065306498553,1051400
2022-04-25,119.46562957763672,119.86490926708073,116.19882218927366,118.903015749731,1143400
2022-04-26,118.57633972167969,120.74514192212933,118.54911736387002,119.80140120939656,902100
2022-04-27,120.16436004638672,121.2351567558565,117.64165366620881,119.41117593337405,735500
2022-04-28,122.23333740234375,122.56001948895924,119.25690676721075,121.37126390467097,924300
2022-04-29,120.27326965332031,124.28420592760797,120.01011556800655,122.5056000127099,1012000
2022-05-02,119.5835952758789,121.235158648732,117.17886162482259,120.8449484856617,1393700
2022-05-03,112.06990814208984,118.1407418188409,110.03722510701998,117.19698746988233,2057600
2022-05-04,111.189697265625,113.14071351605118,108.80310948034561,112.70513505791324,1926700
2022-05-05,107.56895446777344,112.11527374829768,107.1696748809691,110.78132324082242,2250400
2022-05-06,107.98640441894531,108.46735116283354,105.0553418241858,107.09710157160283,1133900
2022-05-09,103.36749267578125,106.90653733884922,103.03173413862251,106.1715060508712,1125000
2022-05-10,102.24224853515625,105.26405452047898,101.12609045478015,104.56532203240718,935000
2022-05-11,104.81940460205078,106.87931017017857,101.78852224775544,102.48726164596964,1126400
2022-05-12,103.94824981689453,105.13700538086162,102.00631018147901,103.70323479447923,712000
2022-05-13,105.9627914428711,106.97006014679741,104.13882437211568,104.76495932513234,664300
2022-05-16,106.18965148925781,107.39656000892354,105.19145923189582,105.96278929788987,672400
2022-05-17,108.26770782470703,108.7486545530496,105.88112011169497,107.90473386441532,712200
2022-05-18,107.70508575439453,109.11162705063361,106.9882004683324,107.49636951231204,1027300
2022-05-19,110.14613342285156,111.02635987114213,106.3711499953821,106.71597804878785,852000
2022-05-20,108.37660217285156,111.53452680159525,105.51813728679514,111.25321298727492,885900
2022-05-23,112.0790023803711,112.6053174187011,108.93923038686923,109.67426169386887,785500
2022-05-24,112.12435913085938,112.63253511057617,109.60165285316285,111.3711819717279,638400
2022-05-25,110.96282958984375,113.76684976547902,110.7450438331768,111.75231247727753,945100
2022-05-26,111.74323272705078,113.15885048819742,111.42562706567611,112.11529001843552,1224600
2022-05-27,114.34761810302734,114.3566876056972,111.72509178826517,112.52364419013533,1216600
2022-05-31,111.23506164550781,112.7595757156598,110.3457588865508,112.69605458454032,2443100
2022-06-01,110.4455795288086,111.82490541839059,109.0662605625107,111.22598595818901,1144700
2022-06-02,113.9301986694336,113.97556695508838,109.97372138021022,110.98099009376344,934500
2022-06-03,110.0916748046875,113.56720494931723,110.03723009873306,113.24052286702239,668200
2022-06-06,109.32035064697266,110.80856602441534,108.44920068870995,110.80856602441534,1231100
2022-06-07,110.010009765625,110.010009765625,108.07713958934426,108.69420498686605,755900
2022-06-08,106.92469787597656,109.01182604223878,106.63431452574508,108.87571425563432,788500
2022-06-09,104.7831039428711,106.8883846789954,104.70142995863613,106.19872171895757,505000
2022-06-10,102.26946258544922,103.56711446359894,101.45276431911375,103.16784175567253,636100
2022-06-13,98.10428619384766,99.89196136235176,97.48722075888104,99.46545933657245,902800
2022-06-14,97.93185424804688,99.15690851088837,97.36016410492981,98.14964690347742,612100
2022-06-15,97.2422103881836,99.70139564497968,95.37286127428526,99.42915825342344,651900
2022-06-16,94.29300689697266,95.63602722635427,93.59426745307893,95.14600404997401,1033500
2022-06-17,94.35652923583984,96.05345406031874,93.22221823625345,94.66505850455059,1548300
2022-06-21,98.75765228271484,99.42916244067248,96.71589252991198,98.13151040973752,950200
2022-06-22,97.65962219238281,98.86652358559353,96.23492814735725,96.26215049801324,728400
2022-06-23,94.09335327148438,97.97723240794669,93.83019233068696,97.34201419534756,867100
2022-06-24,98.21318817138672,98.65783615166318,94.31115550243206,94.64691405594654,1347400
2022-06-27,98.83930969238281,99.12969299636653,97.22405213126812,98.63060037063917,1117800
2022-06-28,97.8501968383789,101.30757423549932,97.76852285372215,99.8102824674454,787900
2022-06-29,98.68917083740234,98.92627483805938,96.8835444527515,98.37911068923835,473700
2022-06-30,97.58574676513672,98.21497447890233,96.22696444729822,97.53102616927912,867700
2022-07-01,98.03258514404297,98.2332110826511,95.29679207025573,96.87443580409827,674200
2022-07-05,94.82259368896484,96.29991753793483,93.08080204297953,95.99897862148472,1100600
2022-07-06,94.4760513305664,95.28766937360723,90.98335388928919,94.950259352388,1585500
2022-07-07,95.25119018554688,96.40022519386531,94.94113698507759,95.44270181816776,700700
2022-07-08,95.68891906738281,96.22695501193891,94.09303983474298,95.62508417637646,550100
2022-07-11,95.41535186767578,95.98075167439438,94.05657642864641,94.56725563633908,726200
2022-07-12,94.42134094238281,96.03545582575232,94.05656713401382,94.79522905178679,558100
2022-07-13,93.69178771972656,94.59460440685442,92.52451716877317,92.54275968471505,462200
2022-07-14,91.22957611083984,92.56099450727831,89.58809756318625,91.74025523345152,1145600
2022-07-15,92.02296447753906,93.00784471189226,90.78273770800217,92.706912756733,782600
2022-07-18,91.530517578125,93.66443279260217,91.22045741819055,92.98960579624803,994900
2022-07-19,94.65843963623047,95.0049709080712,92.37861215903303,92.41508327608462,890700
2022-07-20,95.62509155273438,96.49142327714512,94.63108307898088,95.26943899576729,687100
2022-07-21,96.46404266357422,96.48228517647263,94.27540726693307,94.85904244504003,596200
2022-07-22,96.57349395751953,97.64045155403417,96.17224209251313,96.79235544866786,602500
2022-07-25,98.15113067626953,98.50678320840628,96.4184673484162,97.24832093757482,576300
2022-07-26,98.29705047607422,99.0448336721767,97.84108494290243,98.17850194214303,467000
2022-07-27,100.09354400634766,100.63157993255821,97.57661261145286,97.65868305817065,585900
2022-07-28,100.51303100585938,101.55263173829768,99.43695220031152,100.99635329896898,475200
2022-07-29,101.31553649902344,101.82622260921708,100.51303969369292,101.297300939633,570300
2022-08-01,99.50079345703125,100.75925575118859,99.12689840183958,100.75925575118859,894600
2022-08-02,98.03258514404297,100.21209973622828,97.99610706816135,99.02658662126119,1004900
2022-08-03,99.43695068359375,101.08754346110796,97.57661072826922,97.88666390874951,1330400
2022-08-04,96.71028900146484,100.03883171174,96.54614113693904,99.40048277051832,976000
2022-08-05,96.96562957763672,98.32440488509232,96.0628128346962,96.0628128346962,834900
2022-08-08,98.51590728759766,99.03570769233508,96.70116650017846,98.00522814118379,729300
2022-08-09,97.89579010009766,99.0539463502166,96.73764080745998,98.6709300478455,622500
2022-08-10,99.61022186279297,100.21209267874873,99.35487534960453,99.67405675171982,540000
2022-08-11,99.92028045654297,100.99635932630991,99.62846281173235,100.44008085378319,354700
2022-08-12,102.38247680664062,102.40984057731629,99.43694396128323,100.2576831445415,645100
2022-08-15,102.12715148925781,102.21834319842885,100.56775030274409,100.90516727990656,550700
2022-08-16,103.74126434326172,104.35225639537877,101.69853405464578,102.40984602294718,624600
2022-08-17,103.03907012939453,103.38560832312774,101.93563457864957,102.51926979627532,610900
2022-08-18,102.94789123535156,103.54064778376846,102.40985527866088,103.18499524621461,415100
2022-08-19,101.6255874633789,102.6469456762894,100.84132628847634,102.50104034193691,461200
2022-08-22,99.236328125,100.52215413550304,98.5341443376376,100.46743354607915,508400
2022-08-23,103.31266784667969,103.51329378768673,99.54639517475856,99.54639517475856,688000
2022-08-24,104.58025360107422,105.74752423755582,103.25795635513404,103.50417467853991,827200
2022-08-25,107.23395538330078,107.27955471307556,105.03620544627827,105.41921476945518,762800
2022-08-26,103.88716888427734,108.04557861647534,103.86893332714295,107.92702314391912,480000
2022-08-29,103.0664291381836,104.30665574142235,102.28217495074922,102.72901915181178,495500
2022-08-30,100.0479507446289,103.02996905759963,99.64669887194013,102.83845742201163,609500
2022-08-31,98.56149291992188,99.9385035636418,97.9869720025934,99.81083379478672,951900
2022-09-01,97.41246795654297,97.60397262931528,95.21471789117196,97.22096328377066,722500
2022-09-02,97.06593322753906,99.05394299082981,96.61908204950782,98.48854329315739,662100
2022-09-06,95.78009796142578,98.31526466149609,95.29677571453934,97.6313165104348,561000
2022-09-07,99.04483032226562,99.46431776369788,95.17824467984002,95.43358425658299,446500
2022-09-08,100.2941665649414,100.51302803965888,97.49453889310239,97.87754821322818,527900
2022-09-09,102.77461242675781,103.41296824851182,100.84132331925564,101.55262832729744,782400
2022-09-12,103.10291290283203,103.35825246039556,101.74413771009404,103.35825246039556,671900
2022-09-13,100.6224594116211,103.14851208269594,100.31240622288675,100.93251955783657,645900
2022-09-14,101.21522521972656,101.3246594503425,99.16338035867963,100.52216263160425,699300
2022-09-15,98.71652221679688,101.45231498031087,98.32439164239396,100.9233933762361,626600
2022-09-16,96.55525207519531,97.54013922804978,95.46093765478906,96.86531223404863,1178200
2022-09-19,98.13288879394531,98.34262901349422,94.66754844658236,95.0140866558072,825400
2022-09-20,96.95650482177734,97.64045308010182,96.13576552029168,96.94738356357155,496000
2022-09-21,96.39109802246094,98.98098552197344,96.3819837224049,97.88666421440497,685800
2022-09-22,97.74075317382812,98.52501429667171,95.90777013485828,96.77410865578021,1044200
2022-09-23,95.57037353515625,96.29991417556936,94.15687767329099,95.92602607582246,957600
2022-09-26,94.19335174560547,97.55837928771746,93.97449025853156,95.11440398336828,982300
2022-09-27,95.75274658203125,97.04768681839286,94.96848543437997,95.67067613883742,1141100
2022-09-28,98.83507537841797,99.38223952282938,95.71627315118225,96.0901681860313,1292300
2022-09-29,97.4238052368164,98.27606909423666,96.5165588697794,98.27606909423666,916500
2022-09-30,96.86479187011719,98.36770770864084,96.65402092477841,97.15804357052005,1387700
2022-10-03,99.98976135253906,100.59458992403225,98.36770742708475,98.56931928147316,1079100
2022-10-04,103.04141235351562,103.78370415917342,100.99780962795306,101.63930250208566,1136800
2022-10-05,102.67484283447266,103.18803152464102,101.10777851984724,102.03334998009068,884400
2022-10-06,102.61071014404297,103.84786563759249,101.8225948239534,102.1525038877896,826100
2022-10-07,101.50183868408203,102.63818809460422,100.31966585720608,101.98753613407652,642400
2022-10-10,103.0230941772461,103.72873573542697,101.69429881531254,102.00587571718889,589300
2022-10-11,103.0230941772461,105.06669718026062,102.33578478486542,102.51907148450388,745800
2022-10-12,105.11251068115234,105.75400362449477,102.66569099048955,103.32550910744861,1404900
2022-10-13,106.7803726196289,107.53183052800435,102.67484887346569,103.09639774970832,954300
2022-10-14,101.57515716552734,107.6876337953172,101.23608901846399,107.37604991264895,844300
2022-10-17,104.88340759277344,105.14000896520206,103.16972069629261,103.38049165548264,822000
2022-10-18,107.85258483886719,108.64070011514647,106.20303961138211,107.37604644351718,831200
2022-10-19,106.9178466796875,108.77816297051768,105.97394290585132,107.43104244354154,694500
2022-10-20,105.70818328857422,108.15500305065987,104.88341061830022,107.63264819143178,917400
2022-10-21,107.40352630615234,107.70594406439183,104.4251861219871,105.57986765874686,1179300
2022-10-24,106.02892303466797,108.01754346548687,105.66236362945338,107.5410050520319,1047700
2022-10-25,108.73233795166016,109.3829899483347,105.40575630304504,105.7539975066681,1252200
2022-10-26,108.50322723388672,109.59375321218776,107.9442151225286,109.18137043769087,808500
2022-10-27,108.64068603515625,109.49294979362355,108.09083303614148,108.77814229323862,673400
2022-10-28,108.10000610351562,109.5387732950233,106.75287875387579,108.7414989799341,927300
2022-10-31,108.9614486694336,109.40132275821914,106.89035444235667,107.77927569435452,949900
2022-11-01,109.58460998535156,109.78622185688435,107.84342481227239,109.49297013238373,1102100
2022-11-02,109.85034942626953,114.09333603240052,109.05306817554748,112.55376302554946,1918700
2022-11-03,113.03031158447266,114.41409638274507,107.75178074968204,107.93506044845736,1395400
2022-11-04,114.09335327148438,115.13806293487742,111.49990428618743,114.9364510714731,930800
2022-11-07,114.06584167480469,114.844790742227,113.04862344842422,114.22163008995493,610100
2022-11-08,116.5218505859375,117.27330855506206,113.65347499088017,114.56072839842528,673800
2022-11-09,115.34883117675781,117.32827832288777,115.11972807701252,115.90784329947004,605400
2022-11-10,115.88035583496094,118.93201108546788,115.60543628469361,118.36383981991195,839500
2022-11-11,115.05557250976562,117.6031977057331,113.24107299351043,116.81508253108068,880000
2022-11-14,116.50349426269531,118.62041144966831,114.02918382641178,114.87228147223139,666700
2022-11-15,117.96976470947266,118.51961774454772,115.58709386027728,118.4737943277342,678300
2022-11-16,116.12777709960938,117.40158973956154,115.99031384523701,117.2732925665931,617400
2022-11-17,116.65930938720703,116.78760657274894,113.94672234287802,114.55155792472323,718400
2022-11-18,116.98004913330078,117.82315389010643,115.99032202205419,117.70401579847162,700100
2022-11-21,116.63180541992188,117.21831580006865,115.24802770206465,115.73372516517617,505500
2022-11-22,117.419921875,118.21719616516505,116.47601125742133,117.7773221412819,638400
2022-11-23,117.5298843383789,118.20803451398388,116.47600873350166,117.65818150853738,579600
2022-11-25,118.38215637207031,118.73039758595678,117.30995545827442,117.44742571902441,172200
2022-11-28,116.4210433959961,117.98810791257209,116.10945951418837,117.39244538829317,646300
2022-11-29,117.03501892089844,117.8231410830812,115.9536520817086,116.99836158835473,543000
2022-11-30,119.7201156616211,119.79343033179683,116.11861464138202,117.35576998599232,1196500
2022-12-01,119.16110229492188,121.42464202338374,119.12445195188779,120.05002343443978,658100
2022-12-02,123.12916564941406,123.14749781200969,117.41074747041134,118.66624191636802,1061600
2022-12-05,119.8025894165039,123.06501533078945,119.18859478507093,122.33189659575181,731800
2022-12-06,117.24581146240234,120.36160820895229,116.17360357882899,120.07752258588586,983900
2022-12-07,117.22748565673828,118.02476005934446,116.34773049322686,117.17250314391649,694800
2022-12-08,117.29163360595703,118.55628033559766,117.13584515937201,118.33635028552233,601000
2022-12-09,116.01781463623047,118.21720591199741,115.99948946358761,117.2916273809097,527100
2022-12-12,115.73373413085938,116.56766586058357,114.69819053478994,116.19194037558128,808300
2022-12-13,116.9342269897461,118.40965858232572,116.40270609179896,117.86896461055646,828600
2022-12-14,116.19194030761719,118.41882293532998,115.80704874027731,117.1908265645239,467300
2022-12-15,114.70734405517578,115.31217962483898,113.65346834516002,115.17471635976352,774300
2022-12-16,113.91007232666016,115.02808966223623,112.96616161362415,113.68096921014771,2182200
2022-12-19,112.49879455566406,114.93644804210817,112.1597194314508,114.09335026434087,636500
2022-12-20,113.79093170166016,114.14833199614026,112.13222741232062,112.85619408340577,785400
2022-12-21,114.63404083251953,115.20221912214052,113.25942202779666,114.29497266869181,530700
2022-12-22,114.2491455078125,114.67986050453683,112.34300581628342,114.43243220411676,500800
2022-12-23,115.77954864501953,115.93534407931875,113.47019228616004,114.16666772428403,575800
2022-12-27,115.96283721923828,116.8334262872858,115.45880755352292,116.57683190898433,436800
2022-12-28,114.2399673461914,116.3110542311502,114.14832051750199,115.69705963229086,422200
2022-12-29,115.03177642822266,116.05374969178997,114.69111633224888,114.69111633224888,430600
2022-12-30,114.90288543701172,115.45530173707965,113.78883688395331,114.68191329750105,591600
2023-01-03,115.01336669921875,115.76833729621248,113.93615383967058,114.96733610419926,735700
2023-01-04,113.19037628173828,116.00770398793793,112.64716195167061,115.00414865052562,977400
2023-01-05,112.04871368408203,113.53103498189769,110.64004976085006,112.47224007576125,993200
2023-01-06,115.51054382324219,115.7223070388842,112.90497190461178,113.47580607448432,739500
2023-01-09,118.74217987060547,119.18411007512668,115.63943141351047,116.56012753467591,1042700
2023-01-10,118.49359130859375,119.96671076327004,117.63734361091366,119.2301510359319,651700
2023-01-11,121.0899658203125,121.13600343916569,118.60408893803769,119.96671535409719,877200
2023-01-12,119.11968231201172,121.20965263165476,118.80663491789878,121.13600929637944,547800
2023-01-13,119.66287994384766,119.74573922579923,117.66497098077912,118.45677023308029,550100
2023-01-17,118.42914581298828,121.27409343772825,118.10689655313284,119.98512449572212,876700
2023-01-18,116.57855224609375,119.64446517135552,116.55092546037687,119.34984970058593,741300
2023-01-19,116.53250122070312,117.22302327273961,115.79594155545611,116.39439540542512,400200
2023-01-20,118.03324127197266,118.97235525992721,116.256297456851,116.94681955561299,662800
2023-01-23,117.37034606933594,118.59486658713033,116.52330028887259,118.2081758973005,500100
2023-01-24,118.97235107421875,119.12886772525323,115.08701241131611,116.56012476531019,317400
2023-01-25,118.65933227539062,119.33143657638313,116.49569055812185,117.7478379681501,366400
2023-01-26,120.51911926269531,120.93344376519879,118.82504173458996,118.82504173458996,591400
2023-01-27,121.73444366455078,122.39734600331107,120.23370447420346,120.25212233047682,769200
2023-01-30,119.9574966430664,122.793242504976,119.02759857793095,121.53189325991063,673500
2023-01-31,122.57228088378906,122.63672230787702,119.6812955833551,120.01274675372942,560700
2023-02-01,121.92778778076172,122.774840625104,120.70327423018352,122.25923896589734,747400
2023-02-02,118.51201629638672,121.13600609270068,115.80516721354726,120.70327775367755,1413000
2023-02-03,117.28748321533203,118.83426006886542,116.96524096432684,118.3554941322112,1063100
2023-02-06,116.12741088867188,116.90079936073414,114.31364524839915,116.90079936073414,1350300
2023-02-07,116.12741088867188,117.0296962686854,114.97654062171081,115.75913802272807,1008700
2023-02-08,118.28182983398438,119.92066777838352,115.70387792804726,116.64299188958523,1226300
2023-02-09,118.86187744140625,120.4638797358267,116.71664672233744,119.23935218225779,1093900
2023-02-10,120.79532623291016,121.13599334506934,118.9078964068772,119.11966662621356,1145700
2023-02-13,118.7145767211914,121.32014879450142,118.45678289509168,120.79534518862776,820300
2023-02-14,118.43834686279297,118.96315038813864,117.16778876153748,118.66852088997102,760600
2023-02-15,118.80662536621094,118.96315607503759,116.99285984580008,117.8951451661865,881800
2023-02-16,118.7697982788086,120.65722811546144,117.66496575572401,117.91355763924807,976000
2023-02-17,118.03324127197266,119.00917692376296,117.51765368602368,118.70534551446273,495900
2023-02-21,116.13662719726562,118.2173957146136,116.0077302811239,117.78467436719785,593500
2023-02-22,118.52120971679688,118.81583922385377,116.1918496153723,116.5325097146413,534800
2023-02-23,118.84346008300781,119.94829264727139,117.85830846447318,118.41993367487417,525100
2023-02-24,118.65011596679688,119.16570359608058,116.27472508591515,117.72942678208513,557000
2023-02-27,118.97235107421875,120.06798168016769,118.47516731332563,119.05521035146508,483200
2023-02-28,118.90790557861328,119.5524041411472,118.45677344329005,119.05522033854726,903400
2023-03-01,117.95958709716797,119.51556584973618,117.6097250864003,118.6501092146716,701100
2023-03-02,118.64090728759766,118.95394060911515,116.53251224630687,118.07008016615889,791100
2023-03-03,118.21737670898438,118.89869689831882,117.29668760928487,118.89869689831882,729900
2023-03-06,115.98930358886719,118.09769860658541,115.1514667241361,117.66497029397522,1054300
2023-03-07,116.12741088867188,116.42203339603972,114.04664250354162,115.64865194833213,763600
2023-03-08,117.36114501953125,117.52687061549102,115.48292394010525,116.2194837053386,969400
2023-03-09,113.4850082397461,118.32787190537748,113.17196789932603,117.7110001527611,574100
2023-03-10,110.9991226196289,113.42055792478182,110.3822579015159,113.01544938185197,613600
2023-03-13,109.96795654296875,111.45027798917056,108.21863235543849,109.45236189362383,1042500
2023-03-14,110.72291564941406,112.55509893312188,109.27742304429414,111.81853923874642,918500
2023-03-15,106.84678649902344,109.3050434297264,105.35525627032811,108.20941280976388,847700
2023-03-16,107.50048828125,107.7122444696766,104.83046794599329,105.48416139292384,1137600
2023-03-17,106.86518096923828,108.20939624267082,106.25752528163173,107.73063742893089,1660800
2023-03-20,109.43395233154297,109.69174614703279,106.6994834577245,107.78590526897061,1011800
2023-03-21,111.89220428466797,112.22365546742667,110.28098598906203,110.870230975221,821500
2023-03-22,108.6973876953125,112.0395192914708,108.53166210356619,111.86458477119571,933500
2023-03-23,107.68463134765625,109.46157537117334,106.24834746158093,108.81709081315361,840300
2023-03-24,108.35673522949219,108.79866546044899,105.88006026761288,106.91124251376938,725700
2023-03-27,108.92757415771484,109.66413398820245,108.05291550532155,109.66413398820245,502400
2023-03-28,109.79302215576172,110.79657764486633,108.78025773781219,109.22218798140437,376600
2023-03-29,111.3766098022461,112.00268343943483,110.25335942161155,110.99912102460333,722900
2023-03-30,112.02420806884766,112.51453385958756,111.17308849317847,112.25549102255312,490600
2023-03-31,112.98634338378906,113.16212068315262,111.9502002924555,112.29249453875873,516500
2023-04-03,113.52291870117188,114.02249070418175,112.54228128314988,113.47666634756807,875300
2023-04-04,112.48675537109375,113.9392188559963,111.76515380419596,112.94932120199691,879400
2023-04-05,112.75505828857422,112.79206440658803,111.09907156298192,112.19072734070552,1106100
2023-04-06,108.1664047241211,112.0242025064066,107.42630354392988,111.52463756242028,1595900
2023-04-10,110.15544128417969,110.35897140605525,108.00913582673849,108.32367724549499,712000
2023-04-11,111.72815704345703,111.83917539311707,109.48008663475494,110.15543591001229,667300
2023-04-12,113.32865142822266,114.5128190648552,111.70967069353377,112.06121825497284,889300
2023-04-13,114.57757568359375,115.42869527285337,113.13437228804953,114.59608227277523,722800
2023-04-14,113.50442504882812,115.55821881481933,112.8013228906069,114.56832099334454,563900
2023-04-17,115.00312805175781,115.01238134575101,113.79120769187335,114.2722731065908,402700
2023-04-18,115.35469055175781,115.8265027048356,114.73484685922364,115.25292548544006,390900
2023-04-19,114.48506164550781,115.25292274283453,113.97623632602733,114.71634459832703,555000
2023-04-20,113.8929672241211,114.16125627134204,113.06034726002073,113.70794370240765,648400
2023-04-21,113.99474334716797,114.8921223368211,113.70795474320708,113.92073110801819,693100
2023-04-24,114.5220718383789,114.75335479942463,113.7819635397543,114.50356524890559,397900
2023-04-25,112.89383697509766,114.57757663663628,112.85683085462259,113.57843255839688,640400
2023-04-26,110.84928894042969,112.86607649120693,110.7660304686568,112.04270977654146,808800
2023-04-27,112.66253662109375,112.99558459575216,110.55323748705358,110.86777887523392,763100
2023-04-28,114.3277816772461,114.43879296836828,112.35724656148709,112.35724656148709,946200
2023-05-01,114.49431610107422,115.28067673699539,113.63394322553337,114.25377985140805,910500
2023-05-02,107.70384979248047,112.44052747181455,103.41123851297607,109.90566814358387,3243300
2023-05-03,105.45576477050781,108.4716962107429,105.2892407754471,107.22276977688507,1252000
2023-05-04,103.51298522949219,105.31698921914295,102.68961858209313,104.94694218612362,1108000
2023-05-05,104.99320220947266,105.65004491673977,104.13282938425328,104.66940750281918,816100
2023-05-08,103.57775115966797,106.0756111503725,103.40197386637898,105.89983385708352,586100
2023-05-09,102.2270736694336,103.27247016238759,101.78300725738993,103.2169645077057,1032600
2023-05-10,102.30107116699219,103.70726832905677,100.41380153971421,103.42047974361485,1036600
2023-05-11,101.30193328857422,101.42219788303491,100.2010241750347,100.7468556137006,1095200
2023-05-12,101.37593841552734,102.2640640446591,100.53406513877623,101.44995064917043,776300
2023-05-15,101.91251373291016,101.97727267102671,100.82085802023494,101.88475385240746,618100
2023-05-16,100.1917724609375,101.46845174916517,100.11776022614875,101.27417492649107,990700
2023-05-17,99.9327392578125,101.24643184807408,99.62745111176615,100.47857071917245,774200
2023-05-18,100.34904479980469,100.59882727353896,98.30450442329969,99.80321338209599,796500
2023-05-19,100.75611114501953,101.5702246156955,100.07150850788727,101.03364645952018,604600
2023-05-22,99.7569580078125,101.46845032872115,99.73845142027679,100.95037880884267,1030500
2023-05-23,98.65605163574219,99.88647858689706,98.48027434037854,99.5719301140461,801400
2023-05-24,97.05558013916016,98.61904807535669,96.88905613349596,98.5820419565207,709800
2023-05-25,96.09342956542969,97.27759697940665,95.82514053285765,96.46347658865159,649500
2023-05-26,95.83439636230469,97.00006436510095,95.66787942010046,96.48199283416716,769200
2023-05-30,96.40798950195312,96.60226634399443,94.5114734392474,95.5106104757176,891500
2023-05-31,96.28770446777344,96.62075242864893,94.9462593314154,95.79738581931632,2746800
2023-06-01,96.48199462890625,97.33311417647133,96.00092214849442,96.54675357147761,1105300
2023-06-02,99.05386352539062,99.22964082952986,97.54590120217199,98.1102321761179,1089100
2023-06-05,99.39617156982422,100.94114011738458,99.18338813155248,99.6367007770231,1077000
2023-06-06,101.95877075195312,102.10679522196496,98.53578605217464,98.53578605217464,1081000
2023-06-07,103.10594177246094,103.5685076970717,101.28343795837905,102.18080992323941,957400
2023-06-08,101.72748565673828,103.10592997810231,100.61733038794222,102.8376479837294,1002900
2023-06-09,97.72166442871094,102.34732318899026,97.17584008293163,101.10765002916906,1770900
2023-06-12,97.23135375976562,98.71156327366643,96.85205338035779,97.72167249953942,1522100
2023-06-13,97.88819885253906,98.85033682413847,97.12034478077639,97.95295779975268,1242700
2023-06-14,96.7132797241211,98.83183240416984,96.47274347857002,98.29525426340035,698800
2023-06-15,97.9714584350586,98.43402433224188,96.5190018002309,97.13883840848959,772800
2023-06-16,98.77632141113281,99.2573939105867,97.51814862825842,98.35076162050554,1605400
2023-06-20,97.39787292480469,98.48027541627962,96.32472372744873,97.77718034353431,1107600
2023-06-21,100.70984649658203,100.75610590902605,96.54675347165397,97.19434289669796,1417500
2023-06-22,99.83097839355469,100.5433267915565,99.00760457766269,100.42306219553417,1102700
2023-06-23,97.81417846679688,99.61818247180159,97.58289554009397,99.19262273365163,1270900
2023-06-26,98.60979461669922,98.86883744811927,97.63841046710702,98.10097636449248,807100
2023-06-27,97.23135375976562,99.12787683139196,96.53750488841878,98.2952567741366,753900
2023-06-28,96.158203125,97.80493662665033,95.31632978528235,97.30536459948749,1304600
2023-06-29,97.24667358398438,97.38622347008975,95.46045491568135,95.8697993555099,747000
2023-06-30,97.06991577148438,97.93511660011508,96.28844771868373,97.93511660011508,848000
2023-07-03,98.6979751586914,99.4236331453639,96.44659493993899,96.78151182677182,450200
2023-07-05,95.39533233642578,97.44204033469835,95.28369100826832,97.43274221403675,991800
2023-07-06,96.158203125,96.28844780057754,94.35337390942185,94.73480981490073,1087200
2023-07-07,96.9861831665039,97.60949793997683,95.37672108061203,95.73024840117432,1453500
2023-07-10,86.17581939697266,90.82743452987674,82.58477194654658,89.34822432455792,8312700
2023-07-11,87.29222106933594,87.45037429810466,85.19899402496641,86.19443949104338,2460200
2023-07-12,88.81794738769531,89.31101749446435,86.59447574914687,88.38069439556368,2271400
2023-07-13,89.47847747802734,90.49252626635771,88.02717569003082,88.58536813942932,1643900
2023-07-14,88.59466552734375,90.01805863173118,88.35277955145655,89.60871422604536,1109500
2023-07-17,88.76213836669922,89.36684275788214,88.25976299574829,88.38070245442435,888800
2023-07-18,88.91098022460938,90.65998513362601,88.49233766005925,89.12495766507413,1218400
2023-07-19,88.966796875,90.15761642358758,88.81794886755286,89.23659142991266,1181500
2023-07-20,88.9760971069336,89.9064201691958,88.59466834226296,89.9064201691958,817700
2023-07-21,88.52955627441406,89.17147443528282,88.21324270572008,88.85516796439133,1150100
2023-07-24,88.76213836669922,89.15287240039352,87.50619639042057,87.60853250845517,1625000
2023-07-25,89.0877456665039,89.60872435239501,88.54815654308682,89.60872435239501,1166900
2023-07-26,88.6504898071289,89.62732481178237,88.39000047255465,88.64118458866496,647400
2023-07-27,88.57606506347656,89.9064274339211,88.27836194340937,88.65049261794393,810000
2023-07-28,89.62733459472656,89.8040982758254,89.04123352796076,89.63663981420619,1150900
2023-07-31,89.5250015258789,90.06458356866479,88.93889338779749,89.96224745242208,831300
2023-08-01,87.47828674316406,89.35754352570973,87.27361450963903,88.91098528003671,1403000
2023-08-02,86.35258483886719,87.73876418991134,86.25955395383498,86.66889836533858,1680000
2023-08-03,84.65010070800781,86.3060747652136,83.43137966321525,85.14317083764747,1840000
2023-08-04,85.1152572631836,87.5154925317065,84.97570738053889,84.97570738053889,1298000
2023-08-07,84.70592498779297,85.8130047011767,84.61288699527472,85.09665900428135,1077600
2023-08-08,82.44524383544922,83.97097330260124,82.37081627661189,83.72908728528124,1256200
2023-08-09,80.8915786743164,82.86386590817322,80.57527227430778,82.78943836777087,2064400
2023-08-10,81.63585662841797,82.26847665600327,80.79856437164295,81.37536728137738,1412800
2023-08-11,82.85458374023438,83.53372281418184,81.28234232421296,81.47770934876701,1015100
2023-08-14,83.54301452636719,83.68255730862788,81.76609405569583,82.07310237227283,1417600
2023-08-15,81.38467407226562,83.236015194037,81.31955173424761,82.7150364898929,1226500
2023-08-16,81.07766723632812,81.71028728794421,80.76135366161877,81.07766723632812,863300
2023-08-17,82.63129425048828,82.73363035533994,81.02183222693186,81.29162676719515,1146000
2023-08-18,82.79875946044922,84.03609094012849,82.10101710544544,82.11032232423013,1392300
2023-08-21,82.00798034667969,82.910394863602,81.33814659812697,82.52895899653102,931900
2023-08-22,82.35220336914062,82.51036370137909,81.82191944947682,82.10101923784828,951900
2023-08-23,82.035888671875,82.34289698872946,81.56142191835464,82.20334710854091,1116800
2023-08-24,82.10101318359375,82.41731962914086,81.46839319469761,81.86843240970255,903600
2023-08-25,81.82191467285156,82.77084821967541,81.75679233907361,82.58477933902267,865400
2023-08-28,82.4359359741211,83.0499455703438,82.02659151143766,82.2405689617865,610300
2023-08-29,82.5103530883789,83.00342316631792,81.77539703148436,82.78014762302132,1214400
2023-08-30,82.24056243896484,82.64060165091249,81.72888190119396,82.38941044226064,1521000
2023-08-31,80.22177124023438,82.4545412025035,79.71009065016284,82.38941886356737,2163500
2023-09-01,80.09151458740234,81.26372371467403,79.88684946163939,81.00323437479192,1529900
2023-09-05,76.86329650878906,79.38447123940823,76.60280008056183,79.38447123940823,2641400
2023-09-06,76.46324157714844,77.20749563997543,75.95156114199202,76.70512042122198,1924500
2023-09-07,70.79759216308594,75.82133872517326,69.60677963532058,75.48642181451393,7138500
2023-09-08,70.20217895507812,71.72790824258362,69.59746753188101,71.1418072558059,3065100
2023-09-11,68.72296905517578,71.35577799948054,68.57411395417382,70.60221856961329,2467400
2023-09-12,69.82075500488281,70.33242847692985,67.91358971486498,68.36944606940203,2341800
2023-09-13,70.06262969970703,71.81164165307553,69.82075080650654,70.25799669704676,2213800
2023-09-14,70.34172821044922,71.28135650280728,69.79283390579586,70.82549308601669,2268600
2023-09-15,70.37895202636719,71.4674284750421,70.09985222515695,70.23940212576207,2928100
2023-09-18,68.60202026367188,70.60221625659497,68.55550836948396,70.51849058837574,1513400
2023-09-19,67.44842529296875,68.89042894869786,67.37399774089712,68.84390995420259,1655300
2023-09-20,66.03433227539062,67.91358168670234,65.9692099467264,67.91358168670234,1651100
2023-09-21,64.92723846435547,66.06223358033594,64.88071947850025,65.77382864407488,1562000
2023-09-22,63.62480163574219,65.27147763712827,63.420129400740294,65.16914151962733,1555500
2023-09-25,63.19685363769531,64.15508537344977,62.675874930365325,62.74099726878157,1242600
2023-09-26,62.36886215209961,63.0852078238352,61.91300581554059,62.722382378724674,1442800
2023-09-27,61.41063690185547,62.79681649336118,61.04781141882916,62.72238893330378,1463500
2023-09-28,61.861148834228516,62.55568859214351,61.28862059193953,61.5889626894747,1987100
2023-09-29,62.85602951049805,63.1469838980743,61.90807187389369,62.4993683533707,1944400
2023-10-02,61.24169158935547,62.55569100196088,60.81933795992406,62.54630329709864,2338700
2023-10-03,61.147830963134766,62.38674295576825,60.55652733799416,60.631614649237434,1731000
2023-10-04,60.866249084472656,62.03946131493944,60.6316066383793,61.804818868846084,1391200
2023-10-05,59.60857009887695,61.01642846606335,59.129901046714274,60.63161138718529,1186300
2023-10-06,58.93280029296875,59.52409670608313,58.40719990095177,58.951572119150754,1612400
2023-10-09,59.45840072631836,59.646115419212656,58.20071693839458,58.95157570997174,1491000
2023-10-10,60.650390625,60.77240213637206,59.48656235235814,59.92768777878038,1125900
2023-10-11,58.90464401245117,60.716087745149295,58.36965946801554,60.50960122611802,924300
2023-10-12,58.06932067871094,59.167449360718315,57.72205080644132,59.167449360718315,1257700
2023-10-13,58.576148986816406,58.792019640331446,58.003620758626006,58.23826324031977,1189000
2023-10-16,60.274959564208984,60.90379967279892,58.44474756012604,59.373929747499226,1336800
2023-10-17,63.10943603515625,63.13759198553276,59.79628554075011,59.87137284890069,2077800
2023-10-18,62.095787048339844,63.644421630502556,61.78605726761933,62.63077159652986,1778800
2023-10-19,62.49937057495117,63.597502876899874,61.6265073811959,61.7860625567821,1201600
2023-10-20,62.837242126464844,63.71011228356425,62.20840211025316,62.28348940909845,2749600
2023-10-23,54.549678802490234,56.220335573901686,46.64692236624493,47.07866363893199,8862400
2023-10-24,52.66315841674805,53.57357237851342,51.59318928826838,52.98227233053673,3762900
2023-10-25,52.34404373168945,53.198142197133144,51.499329389883584,52.63500168950259,1810600
2023-10-26,53.81760025024414,54.803097966547085,52.268958424367966,52.89780214300405,1642800
2023-10-27,53.3858528137207,54.418278192271984,53.27322185651312,54.071008358447976,1642300
2023-10-30,54.39950942993164,55.06589318598936,53.085513745074714,54.34319752851603,1775600
2023-10-31,49.931922912597656,52.869647908991865,48.89949380167137,52.71947327726998,3714900
2023-11-01,46.93788146972656,50.147792549954005,46.87218185987152,50.00700562577307,3631700
2023-11-02,51.33038330078125,51.733968618725406,47.18190632331224,47.388392833988725,2741500
2023-11-03,51.987388610839844,52.71947202124092,51.15206193376986,52.090631877508756,2205300
2023-11-06,51.987388610839844,52.40974580159438,50.72032061893641,51.90291717268894,1853700
2023-11-07,50.091468811035156,51.837209197517886,49.98822556102774,51.3585401788176,1230300
2023-11-08,49.1998291015625,50.739086640637055,49.16228902918296,50.72031481426739,1373200
2023-11-09,47.03173828125,49.941303540305675,46.51552555210916,49.866219810061935,2686100
2023-11-10,48.09231948852539,48.411433372771725,46.44982229203744,46.937875451134424,1859700
2023-11-13,48.08293533325195,48.467748847324046,47.05989400359298,47.71689364673948,1347500
2023-11-14,49.50017547607422,51.020657630933336,48.82440403819913,48.82440403819913,1755600
2023-11-15,51.33977508544922,53.01981609320338,49.77236146503565,49.819292825090976,1934700
2023-11-16,50.14779281616211,52.991658624687744,49.49079313376378,52.55991730610264,1782500
2023-11-17,50.354278564453125,50.814175828693394,49.49079236041561,50.786019876291796,1533400
2023-11-20,50.41059112548828,51.08636263480508,49.331237831840866,50.32611968682368,1579600
2023-11-21,49.931922912597656,50.73909365630139,49.744208203305575,50.13840587049469,1010600
2023-11-22,49.856834411621094,50.21349199276213,49.08720734414215,49.75359114494657,959700
2023-11-24,49.82867431640625,50.57952949294217,49.63157550388305,50.05393265954697,497700
2023-11-27,48.805633544921875,49.603416507262196,48.44897598959282,49.27491848285381,1578400
2023-11-28,49.15290451049805,49.556489852695215,48.092323104593866,48.777478699859756,1249600
2023-11-29,49.44386291503906,50.45751655133269,48.92765018301435,49.38754743177162,1288100
2023-11-30,50.3636589050293,50.39181485531575,48.78686124250939,49.70665928225268,3168000
2023-12-01,52.32527160644531,52.42851486767437,50.007002821843656,50.71093024255816,2111500
2023-12-04,52.01554489135742,53.104289470104085,51.75274645116904,52.0906322059028,1866000
2023-12-05,50.47629165649414,51.7902910418382,50.25103686951877,51.687047772657706,1754600
2023-12-06,51.81844711303711,52.175104703646724,50.50445130506323,50.889264849018765,1413700
2023-12-07,51.9686164855957,52.90718642397563,51.386704126301,51.5556470016382,1804900
2023-12-08,52.447288513183594,53.094900473759516,51.95923172159415,52.51298812163216,1307700
2023-12-11,52.37220001220703,52.58807066083451,51.7058162385709,52.240800798291176,1758100
2023-12-12,51.2928466796875,52.447287231827985,50.90803316230734,52.37219992094403,1346200
2023-12-13,54.2117919921875,54.2117919921875,51.001884881102875,51.18959956382146,1509000
2023-12-14,56.53006362915039,57.787747415711685,55.22545206450636,55.22545206450636,2532700
2023-12-15,55.85429382324219,56.783479610407284,55.85429382324219,56.314194654949375,4583700
2023-12-18,55.27238082885742,56.107707466859495,54.54968157633562,56.107707466859495,1690400
2023-12-19,57.23399353027344,57.38416457488433,55.826138644411266,56.22033987423994,1961500
2023-12-20,56.0607795715332,57.44986259077232,55.90122440746413,56.98996534580614,2172400
2023-12-21,58.285186767578125,58.294574471162534,56.48313435823675,56.84917603011172,1804100
2023-12-22,58.8858757019043,59.72120232019471,58.285187972677534,58.623073701505106,1655600
2023-12-26,59.82444381713867,60.06847040279168,58.80140253737673,59.12990055274806,1180600
2023-12-27,59.7212028503418,60.04970087830694,59.327001636423645,59.66488736825064,1194400
2023-12-28,59.96747970581055,60.31794413414227,59.749623244236986,60.31794413414227,1097100
2023-12-29,59.7212028503418,60.052726370429625,59.29496038925515,59.512820457485205,1405100
2024-01-02,61.41669845581055,62.33548741075191,59.49387927553291,59.49387927553291,1776700
2024-01-03,57.95940399169922,61.09465012853953,57.72260302220875,60.68735217195225,1815500
2024-01-04,57.087974548339844,58.698221761708574,56.69962112746525,58.38564276736531,1959700
2024-01-05,57.571048736572266,58.167788172653154,56.178661536778094,56.822760442609166,1129900
2024-01-08,58.32881164550781,58.63191657196153,56.69961995584726,57.20163681279328,1085800
2024-01-09,57.391082763671875,58.290927164960934,56.889065867638365,57.845740188752494,1018400
2024-01-10,56.36810302734375,57.29636603774257,56.093416639874874,56.765930547985555,1098800
2024-01-11,55.818729400634766,56.81329283149916,55.64823239953843,56.54807688014768,1339800
2024-01-12,55.13673400878906,56.54806930359046,55.042015071224775,56.33968330499399,1016200
2024-01-16,54.02851104736328,54.60630600154089,53.10025166369779,54.464223971947796,2003000
2024-01-17,52.54139709472656,53.801176297445465,52.04885067432729,53.24232589865551,1546900
2024-01-18,52.13410186767578,52.541399820805744,51.44264347622853,52.427732754842026,1233800
2024-01-19,52.7119026184082,53.07183752709129,51.50895313737645,52.25724153101495,1489900
2024-01-22,53.422298431396484,53.45071339055992,51.982548149949224,52.22881956038945,1303300
2024-01-23,54.76732635498047,54.97571235837612,53.91484144408548,54.46422141183913,1409100
2024-01-24,54.00008773803711,55.35458947840544,53.299158940527896,55.04201409932586,1326600
2024-01-25,54.43581008911133,54.85257851044854,53.327579630913476,54.46422505027408,864100
2024-01-26,55.269344329833984,55.960806334142205,54.89046495008132,55.259873880990966,1145300
2024-01-29,54.748382568359375,55.108321048085486,53.63068172075933,55.07043202636779,1143200
2024-01-30,54.454750061035156,55.174623385745775,53.990618592060244,54.199004592003575,922500
2024-01-31,53.23285675048828,55.23145743926899,53.21391224001454,54.54946951539799,1387500
2024-02-01,58.859249114990234,58.88766407542029,54.99465912477128,55.259875057574675,3790800
2024-02-02,58.18673324584961,58.8213580958896,56.860646400246345,58.48036774241353,2948700
2024-02-05,57.23005676269531,58.17726064381212,56.59543189672916,56.83223286700836,3620400
2024-02-06,50.6280517578125,54.303204088831905,49.25460531015844,49.34932425966714,5841200
2024-02-07,51.76469039916992,52.45614875672376,50.52385208960857,50.684875005220256,3777100
2024-02-08,49.29248809814453,51.963602605224004,48.86624565269656,51.52788971134201,2738600
2024-02-09,49.01780319213867,49.64295763904279,47.9569358062733,49.15041116370981,3290700
2024-02-12,50.779598236083984,51.11111813343089,48.790468012114864,49.16935099190781,2259500
2024-02-13,48.77152633666992,50.23969153666701,48.563140339780176,49.4440401824376,2501400
2024-02-14,48.43053436279297,49.349319649748146,47.92851386006293,49.15040770638325,2571300
2024-02-15,49.00832748413086,49.898697778640525,48.52525151004578,48.82835644491272,2154400
2024-02-16,49.57665252685547,50.002895006718475,48.40211809493254,48.76205659051642,1969400
2024-02-20,48.29792785644531,49.15988325030534,48.042182372997246,49.06516069349342,2112700
2024-02-21,48.41159439086914,48.610506352883185,47.388612392003225,48.10848941638212,1807300
2024-02-22,48.92308044433594,49.08410336493613,47.58752315636797,48.496837987900214,1536000
2024-02-23,49.61454391479492,49.785040914865746,48.36423498980641,48.65786590180903,1254000
2024-02-26,49.766090393066406,50.116554800539866,48.762053026474256,49.112517433947716,1714800
2024-02-27,49.9934196472168,50.48596609858052,49.79450769953993,50.220750168344686,1545900
2024-02-28,48.58209228515625,49.67137467811934,48.31687271762475,49.55771121391806,2023400
2024-02-29,53.41282653808594,53.56437901527061,48.724166581072126,48.86624860924979,4853000
2024-03-01,54.28425598144531,54.606305447062894,52.92028007374915,53.498075022059766,2807100
2024-03-04,55.695587158203125,56.29232661150668,54.18006240268175,54.28425540711685,2925500
2024-03-05,56.55754470825195,56.936427718302916,55.17462786416943,55.57245177275639,2030800
2024-03-06,58.27198028564453,58.650859651165376,56.48176561799208,57.116390452219825,1982300
2024-03-07,60.052730560302734,60.971519527938206,58.40459413354272,58.72664361402244,1907000
2024-03-08,59.380210876464844,61.1041252895886,59.31390689287887,60.35583334535129,1861400
2024-03-11,60.772605895996094,61.41669761262146,59.15288447547447,59.19077349879225,1847700
2024-03-12,60.478965759277344,61.60614067904551,59.825396388628185,61.359865648971784,1547200
2024-03-13,62.24076461791992,63.5384365044512,60.621046888557316,60.753654850498684,2514600
2024-03-14,60.68735122680664,61.85241515825552,60.20427884641973,61.7387480930972,1938900
2024-03-15,61.6156120300293,62.420733840183416,59.79697879757765,60.06219471371391,6225300
2024-03-18,62.572288513183594,63.377417624791136,60.69682880235701,61.018874665726116,2280400
2024-03-19,58.4140625,62.24076710493881,58.35723257878058,61.8524172656191,2370400
2024-03-20,60.725242614746094,61.4261714773882,59.69279021908471,60.17586261829503,2751900
2024-03-21,61.483001708984375,61.662965515679296,60.66840586839226,61.09464468485936,1899200
2024-03-22,59.067630767822266,61.985020266544545,59.067630767822266,61.51141835674905,1313100
2024-03-25,59.50334930419922,60.56421667108906,59.24760381504524,59.654901785183476,1547700
2024-03-26,59.14340591430664,60.62104519163936,58.79294150851532,59.853808787646166,1582900
2024-03-27,59.9465217590332,60.33851640775764,59.30594300301562,59.391990786744124,1299700
2024-03-28,60.90260696411133,61.504941453575185,59.68837874123786,60.147299041295064,2018000
2024-04-01,60.00388717651367,61.42845529312661,59.870035873041545,61.189434066305104,1359900
2024-04-02,57.69015884399414,60.013445274919555,57.47981901409456,60.013445274919555,1564700
2024-04-03,57.393775939941406,58.29249808890261,57.001781273003374,57.69972281915282,1630000
2024-04-04,56.609779357910156,58.56019319853834,56.48549096157652,57.91961814194888,1936600
2024-04-05,56.16042709350586,56.858368613740524,55.67282176543514,56.26559336600065,1658700
2024-04-08,57.498939514160156,58.62711987436267,56.342077776940755,56.62890248863185,1541900
2024-04-09,60.95996856689453,60.97909070159799,58.10127690145081,58.847021919014516,1817600
2024-04-10,59.48760223388672,60.873922388259835,58.818342090328514,59.61189064197265,1616800
2024-04-11,58.83746337890625,59.93695878369757,57.804889975615986,59.50672351283427,1485800
2024-04-12,54.257816314697266,58.12040006070416,54.037917232492454,58.03435227660886,2007100
2024-04-15,54.24825668334961,55.720624599213615,53.72240709142571,54.49683714275284,1553600
2024-04-16,52.995784759521484,54.3343050395142,52.94798124534482,53.93274749664665,1499900
2024-04-17,53.59811782836914,54.00923460429606,53.043586866542405,53.98054957881155,1544700
2024-04-18,54.43947219848633,54.7071784471496,53.57899798776881,54.324743033158875,1459800
2024-04-19,55.28083038330078,55.30951176411658,54.1144056011307,54.29606407209628,1343800
2024-04-22,55.69194412231445,56.26559359002649,53.92318855755705,55.2808273331569,2029200
2024-04-23,56.07437515258789,56.72451311037594,54.927072659598736,55.0322425714724,1583300
2024-04-24,55.83535385131836,56.11261567182582,55.156530870585264,55.797109583946956,1011400
2024-04-25,55.26170349121094,56.00745215281371,54.36298504697209,55.74930880616363,1056900
2024-04-26,55.89271926879883,56.21778826259892,54.79322388327959,55.452921114591135,942800
2024-04-29,57.56586837768555,57.56586837768555,56.16998536147124,56.44725084538587,1642000
2024-04-30,56.4185676574707,57.661480930080515,56.39944916921695,57.068705673330655,1957900
2024-05-01,55.2330207824707,56.65758512942078,55.04180308802009,56.62890375176414,1380800
2024-05-02,57.8718147277832,57.91005899705505,55.74930884363518,56.70539369238586,1864500
2024-05-03,59.133846282958984,59.200771930423976,57.986547385173814,58.321175622498785,1482000
2024-05-06,58.30205154418945,59.91783356753552,58.034348963254374,59.277258492533974,1955100
2024-05-07,63.81866455078125,65.4631316808335,58.65580483611799,59.44935702237437,6580700
2024-05-08,61.99253845214844,64.29670645232193,61.88737582897505,63.27369594998458,2705700
2024-05-09,64.07681274414062,64.42100392367958,62.403664013628905,62.919950782937335,1352100
2024-05-10,64.56440734863281,64.95640562989114,63.66568527499539,64.47836321529223,1304100
2024-05-13,63.78041458129883,65.70214702497256,63.70392604851577,64.75562513841301,1663300
2024-05-14,63.359737396240234,65.12850013711561,63.27369326429188,64.59308768127113,1195200
2024-05-15,61.11294174194336,63.92383352964248,60.54885518283286,63.92383352964248,2520000
2024-05-16,61.33284378051758,61.93517460213808,59.908275767978296,60.93128625226302,1376400
2024-05-17,61.170310974121094,61.58143141677479,60.53929509106503,61.58143141677479,1281000
2024-05-20,61.06513977050781,61.82045134209522,60.367198251413555,61.10338404072035,864800
2024-05-21,61.218109130859375,62.40365225116973,60.615778327374294,60.80699237136531,1551400
2024-05-22,60.826114654541016,61.10338012505248,59.99432189018073,60.252465226811324,1479500
2024-05-23,57.41289520263672,60.91216564977859,56.829682853584025,60.596659542019744,1868600
2024-05-24,59.04779815673828,59.066920291213144,57.518063870491524,57.852692105866055,1435400
2024-05-28,60.128177642822266,60.2333475633856,58.57932115525832,59.26770343736425,1587200
2024-05-29,57.84313201904297,59.468476953971575,57.814450641335874,59.45891406328642,1527300
2024-05-30,58.474151611328125,58.91394978453994,57.4033375578463,57.93874276100001,1729800
2024-05-31,58.273372650146484,59.12428758767216,57.737963818286,58.512393863931194,12101300
2024-06-03,56.34208297729492,58.61756604146218,55.9405254261245,58.56975887912268,2097100
2024-06-04,54.162208557128906,55.883160568680225,53.98055010027772,55.82579416433127,2752300
2024-06-05,55.29039001464844,55.605896126541104,53.923188353040025,54.51595995371748,2151000
2024-06-06,56.103057861328125,56.1317392390021,54.37254301390621,55.20433943819322,1549300
2024-06-07,54.17177200317383,56.10306399997884,54.12396848609528,54.89839494542172,2267700
2024-06-10,52.57510757446289,53.5694330479004,52.058820879471284,53.540751669458956,2271800
2024-06-11,54.678489685058594,55.40511619256637,51.112293734842346,51.628580414307216,3777000
2024-06-12,54.80278396606445,57.221677498416184,54.573325641736055,55.79711309728566,1987000
2024-06-13,52.98622131347656,54.77410263178968,52.64203382670451,54.458592876614084,1281400
2024-06-14,52.38388442993164,53.139192259225666,51.98232693761848,52.163985374663866,1266400
2024-06-17,53.492950439453125,53.588557469788036,52.106626616550386,52.68983898424684,1435500
2024-06-18,53.10095977783203,54.592449987535,52.06838626603025,53.66505005249974,1864000
2024-06-20,51.99189376831055,53.703282832010075,51.838920342304604,53.68416434503673,1819400
2024-06-21,53.91362762451172,54.96532321641397,52.011020691330245,52.02057993569708,4282800
2024-06-24,54.63068771362305,56.03613360939996,54.324740853575236,54.49683641824891,1971300
2024-06-25,54.03791427612305,54.439468148482895,53.45470195440353,54.286494723701885,1268500
2024-06-26,54.276939392089844,54.67849329339012,53.598119998649246,53.779774813926835,1096200
2024-06-27,54.57332229614258,54.94619478569817,54.07615776101043,54.33430109543524,918900
2024-06-28,55.58751678466797,56.08012760454216,54.97899905378219,54.97899905378219,2772600
2024-07-01,54.67957305908203,56.17671659574675,54.428437117547844,55.40399770759215,1520300
2024-07-02,53.723331451416016,55.403998274383255,53.41424389299217,54.89207269660894,1546500
2024-07-03,53.761966705322266,54.640935114099456,53.73299089903085,54.25457383534749,708800
2024-07-05,53.240379333496094,54.10002929774987,52.854021744807504,53.38526573213818,1906200
2024-07-08,54.312530517578125,54.46707429609711,53.211405635053566,53.520493192091536,1195300
2024-07-09,52.68016052246094,54.08071555852795,52.64152365748747,53.89719229221111,1070300
2024-07-10,52.979583740234375,53.64605672368753,52.641520404145105,53.076175896698466,966900
2024-07-11,54.76650619506836,54.988662653362134,53.2403831103358,54.08071838669005,1148100
2024-07-12,55.452293395996094,55.848312066810195,54.53468808032018,55.452293395996094,1070700
2024-07-15,56.08012771606445,56.11876089673563,54.37048511563313,55.44263417731161,1156200
2024-07-16,57.219886779785156,57.239201526912375,55.37501892155122,55.85796866124193,1316700
2024-07-17,59.83747482299805,60.445992540311124,57.12329589876662,57.12329589876662,2074000
2024-07-18,57.905677795410156,60.359063495873684,57.78010982430859,59.52838930716444,1864700
2024-07-19,55.84831237792969,57.722156201676654,54.7665059002232,57.722156201676654,1651600
2024-07-22,55.935245513916016,56.38921950357481,54.74718945178035,56.20569622199467,1351100
2024-07-23,55.51990509033203,55.73240416810638,54.7471861956267,55.722743109327,1637600
2024-07-24,55.00797653198242,55.69376428357481,54.592639457724694,55.69376428357481,1676700
2024-07-25,56.930118560791016,57.21989137557068,54.29321321244256,54.563667593929296,1511500
2024-07-26,57.56760787963867,58.1374887236433,56.60170839384195,57.23920190708322,1092000
2024-07-29,57.27783966064453,57.953970048128866,56.3795528301294,57.4710202977278,1279100
2024-07-30,56.47614669799805,56.98807226981986,55.162522747663914,56.92045959748921,1404100
2024-07-31,56.369895935058594,57.60624612750819,55.46194803844098,56.891482554228595,5021000
2024-08-01,62.145973205566406,66.2124167760825,60.66815176499129,61.18973471913123,6671200
2024-08-02,60.06929016113281,60.61019522184468,58.378965991599294,58.717033036274564,2401900
2024-08-05,59.5573616027832,60.22383091543364,56.369894065694446,57.13295553681066,2519400
2024-08-06,59.122711181640625,60.04997387490726,58.69771670171369,59.40282293834026,1458900
2024-08-07,59.16134262084961,60.648828691052636,58.890891947945086,59.94372251911293,1327000
2024-08-08,59.34486389160156,60.27213021094057,59.09373164309391,59.402819188002184,1328600
2024-08-09,59.06475830078125,59.3062331856011,58.01192765558213,59.14202834792415,1031700
2024-08-12,57.615909576416016,59.47043494203306,57.287503582344534,59.08407364855565,1119500
2024-08-13,59.19997787475586,59.33520320753224,57.606242316488014,57.89601141309654,1480600
2024-08-14,59.32554244995117,59.49940464571902,58.417598293418855,59.248272409951014,1441800
2024-08-15,60.252811431884766,60.78405541634869,59.61531791360522,60.185198762113764,1040400
2024-08-16,61.04485321044922,61.34427971727689,59.837478754881054,60.165884754180176,944800
2024-08-19,62.97664260864258,62.9959647248448,61.093141586474154,61.093141586474154,1174600
2024-08-20,61.151100158691406,63.10221763829742,61.064169054192625,62.57096995268582,771900
2024-08-21,61.78859329223633,62.155632455837456,61.04485022186419,61.6920011297511,701400
2024-08-22,61.73063659667969,61.90449511598708,61.054506213052974,61.62438706265938,498900
2024-08-23,63.15050506591797,63.198802987392384,61.81756644242532,62.165290843202214,752000
2024-08-26,62.96699523925781,63.81698420675836,62.79313302212942,63.604485122576,552100
2024-08-27,62.86074447631836,63.3630089998074,62.097682947587344,62.8124465511317,560400
2024-08-28,62.88971710205078,62.97664451991448,62.339154681228884,62.3488157396232,641300
2024-08-29,63.16982650756836,63.73004996608462,62.25221759395143,63.556187767552956,596300
2024-08-30,62.3777961730957,63.34369574578819,61.96245906206878,63.150511409712344,979700
2024-09-03,60.503944396972656,61.34427593453778,59.67327023322622,61.05450681999265,1091200
2024-09-04,60.919281005859375,61.54711715301103,60.455649689264035,60.5812176556172,600600
2024-09-05,60.52326202392578,61.60506842332012,60.36871825258373,61.17041659959284,639000
2024-09-06,58.224422454833984,60.74542081617895,58.12783397573692,60.29144685827129,1082300
2024-09-09,58.987483978271484,59.847133970082574,58.05056025547706,58.398284675673516,832500
2024-09-10,59.07441711425781,59.35452887178104,58.09886017704704,58.83294222355457,768200
2024-09-11,59.44145584106445,59.53804431677478,57.451701553749935,59.20963834089984,722500
2024-09-12,59.88576889038086,60.04997003646549,58.66873714383884,59.41247651501696,654300
2024-09-13,61.344276428222656,61.44086859025785,60.39769534796314,60.54258174870881,569700
2024-09-16,61.199398040771484,61.96245959405741,60.484630729611936,61.52780404569109,673600
2024-09-17,61.180076599121094,62.04938396850033,60.909625908818356,61.469845722247506,896700
2024-09-18,61.334617614746094,62.522677229901625,60.57155613334186,61.40223028427668,734000
2024-09-19,62.04938507080078,62.590293830244065,61.24769035975521,62.570971712462836,768100
2024-09-20,59.924407958984375,61.74029642953713,59.895428467433746,61.720981681322456,3781500
2024-09-23,61.39257049560547,61.537453202637124,59.94372131760489,60.378373123313864,1112200
2024-09-24,62.445404052734375,63.62380261999721,61.56643565647178,62.19426811973696,1929600
2024-09-25,61.78859329223633,62.59994534942676,61.353937772588424,62.59994534942676,795800
2024-09-26,63.720394134521484,63.768684690212886,61.94313514050924,62.33915749101372,1078200
2024-09-27,63.82664108276367,65.02435440602537,63.643117818592295,64.4641309243021,1192100
2024-09-30,64.25540161132812,64.5867118999038,63.319928083341665,63.59277359969404,1063100
2024-10-01,63.9922981262207,64.34310164419814,63.46609284925453,64.07025611565636,809100
2024-10-02,63.75843048095703,64.8010944094134,63.37839458218678,64.08974077855862,695900
2024-10-03,62.37471008300781,63.544050174386044,62.170072221499275,63.15426766576564,1180600
2024-10-04,62.34547424316406,63.5635436584603,62.25777336421446,63.06657077199873,469400
2024-10-07,61.468467712402344,62.75474476164838,61.312551738199026,62.053137746699115,896800
2024-10-08,60.396568298339844,61.17612959096007,60.172444659039115,61.07868582334809,788500
2024-10-09,59.88985061645508,60.786348862272924,59.55853661301564,60.24065411624287,1134600
2024-10-10,58.83744812011719,59.646241832660166,58.398943713441305,59.57803044909299,1107400
2024-10-11,59.11029052734375,59.67547478099153,58.73999752382422,59.15901241056546,707600
2024-10-14,61.12740707397461,61.185875564281034,58.88616698694146,59.10054773415694,1091700
2024-10-15,60.18218994140625,61.0786882514903,60.09448906017239,60.64993045281456,820400
2024-10-16,61.12740707397461,61.78029220538474,60.31861340289685,60.620691309709834,770100
2024-10-17,60.92277145385742,61.361275827400135,60.02627321047662,60.99098283227058,928200
2024-10-18,61.08842849731445,61.3515311296267,60.41605758178857,61.3515311296267,723300
2024-10-21,60.73762512207031,61.34178462142298,60.113972409724234,61.21510475765442,694900
2024-10-22,60.78635025024414,60.92277301055634,59.80215110700653,60.503758122602335,628300
2024-10-23,60.52324676513672,61.17612817091324,59.54879424267048,59.75342838025046,735800
2024-10-24,59.928829193115234,60.85455981840837,59.743684554953134,60.84481321168118,702500
2024-10-25,60.41605758666992,60.94226285133693,59.68521818037956,59.92883131580968,637900
2024-10-28,59.967811584472656,61.32230005150058,59.89960020248143,60.6206930170291,1041300
2024-10-29,58.642555236816406,60.31861482606502,58.59383335236554,60.08474457656276,1309300
2024-10-30,64.91802978515625,65.55141797777843,61.87773523574221,61.87773523574221,3274800
2024-10-31,63.32966613769531,66.01915712972753,63.09579961844808,65.13240178275444,1552400
2024-11-01,61.53668212890625,63.310185533323555,61.32230137103989,62.96912861602854,1088900
2024-11-04,61.82901382446289,63.066568984682974,61.517189311977354,62.23828210313463,1100800
2024-11-05,61.99467086791992,62.02390697246375,60.97149642268251,61.48795509031135,831700
2024-11-06,59.373390197753906,64.52824473461496,58.11634560019203,64.30411739193298,2051500
2024-11-07,59.28569412231445,59.92883266564636,58.25277306661831,59.58777575525881,1372800
2024-11-08,58.1748161315918,60.006787908260414,57.9312030018257,59.81189666099927,1037300
2024-11-11,57.58039855957031,58.77897469237059,57.20036267810209,58.14557907842935,895900
2024-11-12,54.5108757019043,57.0834336221329,53.70208199769987,57.0834336221329,2028900
2024-11-13,54.30624008178711,55.15401275815373,54.06262694466233,54.56934271595085,1371500
2024-11-14,54.062625885009766,54.62781013633729,53.633868110280936,54.21853814102401,1099700
2024-11-15,53.00047302246094,54.56934220563147,52.864050261705486,54.06262643908163,1586200
2024-11-18,53.81901168823242,53.83850118450392,52.90302766692014,53.33178543316904,1308100
2024-11-19,54.18930435180664,54.91039712323936,53.0102177138955,53.23434134378628,1261800
2024-11-20,55.738685607910156,55.74842849764989,54.08211555904954,54.18930593239367,1138600
2024-11-21,56.839820861816406,57.10291978764253,55.55354003440479,55.64124091542736,1379200
2024-11-22,57.23934555053711,57.61938145776741,56.51824901374103,56.88854203086559,760700
2024-11-25,59.071311950683594,59.09080144755808,57.49269987626461,57.707080624642515,1362900
2024-11-26,58.43791961669922,59.69496055966419,58.08711610992149,58.41843011996252,1590600
2024-11-27,57.979923248291016,59.50981336267334,57.74605301472857,58.808206379227244,733500
2024-11-29,57.58039855957031,57.98966682661569,56.089487419274576,57.609630945147465,607100
2024-12-02,57.86299514770508,58.067629297036355,56.27463640404466,57.385511748690526,1175800
2024-12-03,58.009159088134766,58.94463636085371,57.24908728896451,58.077370469227404,1303100
2024-12-04,57.50244140625,57.960435278866086,56.722880135913,57.48295562707776,980300
2024-12-05,55.728939056396484,57.76554500023776,55.2904383900852,57.736312613748055,1276700
2024-12-06,55.134525299072266,56.33310145115105,54.65704192926461,56.118720707493566,1036600
2024-12-09,56.69364929199219,58.35021935979321,55.69970725131157,55.91408800045096,1331400
2024-12-10,55.78740692138672,56.5377358098918,54.97860954331608,56.5377358098918,951900
2024-12-11,55.00784683227539,56.43054665386087,54.80321269024764,56.00178887286348,2124800
2024-12-12,53.107666015625,54.92989131331512,53.07843362751903,54.44266501959379,1739100
2024-12-13,52.13321304321289,53.302556882957575,51.3049298368996,52.903031473745976,2058000
2024-12-16,50.583831787109375,51.83112986320225,50.14532739559501,51.83112986320225,1720900
2024-12-17,50.37919998168945,50.68127790756494,49.54117015395424,50.18430871894425,1603400
2024-12-18,47.85536575317383,50.67153305309692,47.79689726144408,50.20379627098347,1995500
2024-12-19,46.63730239868164,48.39131634907077,46.51062251885459,48.11847080843562,2533700
2024-12-20,48.868797302246094,49.68733760018588,46.783465704292674,47.46558323878275,5113400
2024-12-23,48.46927261352539,48.84930852221259,47.73843318382185,48.722628646903,1263100
2024-12-24,48.46927261352539,48.644670656792,47.98204632705636,48.3523356283589,498200
2024-12-26,47.874855041503906,48.56671546303336,47.8163865500293,48.04051019148638,997800
2024-12-27,47.75791549682617,48.53748047237252,47.28043585240739,47.74817260739043,1258600
2024-12-30,47.21222686767578,47.757917917528076,46.49113034391763,47.74817502759849,1407600
